20.4036
18.4986
19.328
19.4417
19.2681
18.6417
20.9942
18.7067
20.8844
20.1608
19.1283
18.0878
19.559
18.6615
20.0045
19.4533
20.3258
19.7124
18.5406
18.4066
18.3338
19.1329
19.8226
19.2552
19.1663
18.1667
19.4524
18.639
21.2071
19.1152
19.5132
20.0697
19.5477
21.2313
20.5159
20.4723
20.5175
21.3994
21.5394
19.5001
19.5764
20.3604
19.9685
20.5987
20.7917
20.1907
18.4012
20.0176
20.3917
19.3135
20.3073
20.6404
19.8126
20.3598
20.0471
18.4223
19.9998
18.1915
19.0429
22.0037
22.253
22.8209
22.5631
19.0471
19.6687
17.5791
19.8518
20.3701
18.2697
20.2504
19.7093
20.9361
19.1575
19.5616
18.9677
19.2836
21.0348
19.5505
17.1968
18.7594
19.4968
19.825
19.585
19.6462
18.5675
19.9038
20.154
20.2807
19.5233
19.4656
19.6884
19.3316
19.0835
19.2837
20.4933
21.2483
18.6682
20.9216
19.2023
19.5139
17.7743
20.7187
20.2716
19.2882
18.8235
19.7072
18.6113
18.1479
20.6725
19.9704
20.6459
19.2499
19.7755
18.735
20.4753
19.9893
20.7477
20.0322
21.3835
19.6698
19.0787
19.0975
19.3043
18.9561
18.7923
19.4642
19.3635
19.4942
20.3054
20.978
20.2895
19.3816
18.9383
18.7003
19.5162
20.2497
19.3576
17.8344
21.0365
19.6172
20.2841
20.2274
19.8662
20.2298
19.8684
20.1362
20.0012
19.524
19.8303
19.1322
19.4917
20.1228
17.2982
19.5371
20.9898
18.4526
19.6767
19.1288
19.7788
19.7098
19.4614
18.0045
20.9297
20.654
20.3772
20.3111
20.2246
20.4763
21.7758
20.8931
20.7719
18.618
19.7834
19.4533
20.2453
19.3461
18.9241
19.4045
19.0368
21.0647
19.7886
20.5505
18.5606
19.1731
18.4436
18.3176
18.674
20.4297
20.4853
19.0635
18.4475
18.0939
18.2439
21.0532
20.9932
20.5839
19.702
20.2331
19.7282
19.8924
19.9474
19.6194
19.8288
18.7559
18.052
19.4589
20.0807
17.6224
16.899
18.4591
20.0199
19.5859
19.1977
18.5586
20.779
18.978
20.2935
18.8339
18.9669
18.7419
19.2004
19.5981
19.9757
19.6259
18.3023
18.5392
20.7226
18.1498
18.8356
19.0359
