-0.00183052	0.00124997	-0.000843468	3.22761	-0.00389599	0.00303572	0.00300001	255.833	-5
-0.00149161	0.000834266	-0.00275566	3.33604	-0.00494281	0.000926109	0.1	27094.2	-5
-0.00174344	0.00110601	-0.000792327	3.26346	-0.00463464	0.00329438	0.00300001	668.333	-5
-0.00167297	0.00146866	0.000582358	3.14875	-0.00334291	0.00342497	0.003	180.985	-5
-0.00167494	0.00143264	0.00110493	3.10991	-0.003866	0.00315335	0.00300001	274.034	-5
0.00157492	0.000821603	0.02	0	0.00391485	0.00232803	0.1	23046.2	-5
0.00204928	0.00059314	0.000890444	3.09706	0.00456029	0.00126752	0.003	196.456	-5
0.00208608	0.000626187	-0.00331408	3.38098	0.00793236	0.00370494	0.1	26940.8	-5
0.00175808	0.00156399	-0.00162652	3.27828	0.00358812	0.00294529	0.003	239.743	-5
0.00274119	0.00253787	-0.00312422	3.55589	0.00341802	0.00315897	0.003	279.771	-5
0.00258985	0.0023441	-0.00268981	3.54055	0.00200162	0.00180765	-0.000492667	50.0588	-5
0.00301692	0.00489006	0.02	0	0.00154843	0.00432716	0.1	22462.1	-5
0.00243775	0.000285531	-0.000352301	3.17301	0.0024935	0.000314536	-3.32296e-05	10.1744	-5
0.00205854	0.000290944	0.000441076	3.10945	0.00580606	0.000615124	0.003	812.664	-5
0.0022395	0.000720305	0.000364578	3.12231	0.00433282	0.00142607	0.003	144.9	-5
0.000443922	0.00092142	0.00286751	2.95089	0.00170101	0.00431267	0.1	26008.7	-5
0.0034145	-0.00651048	0.02	0	0.00177832	-0.0082692	0.1	22809.4	-5
-0.000896669	-0.000833913	-0.000994065	2.97198	-0.00343691	-0.00323257	0.1	26114.1	-5
-0.000362188	-0.00185681	-0.00103882	2.94816	-0.00136549	-0.0050816	0.003	437.387	-5
0.000233516	-0.00176712	-0.00103254	3.08082	0.00115964	-0.00685058	0.003	2397.39	-5
0.000118884	-0.00245064	-0.00284403	3.04022	0.0028581	-0.00467732	0.1	28322.6	-5
-0.000310311	-0.00191265	-0.000995122	2.95224	-0.00126853	-0.00616262	0.003	940.023	-5
0.00107172	-0.00150201	-0.00399537	3.30719	0.00314742	-0.0020899	0.1	26481.3	-5
-0.000420938	-0.00166724	0.000439918	2.88298	2.15427e-05	-0.00537902	0.1	27911.3	-5
-0.00509472	-0.00418335	0.02	0	-0.00719533	-0.0041686	0.1	22005.9	-5
0.00289001	-0.000190035	-0.00324597	3.21654	0.00537884	-0.000519047	0.00300001	579.296	-5
0.000840912	-0.00205094	-0.000932442	3.10046	0.00205191	-0.00434273	0.003	244.787	-5
-0.000965169	-0.000668027	-0.00146471	2.99951	-0.00463274	-0.00234654	0.1	26300.9	-5
-0.000265423	-0.00211422	-0.000428862	2.88356	-0.000513669	-0.00484688	0.003	273.604	-5
0.00148437	-0.000823787	-0.000971306	3.09977	0.00640461	-0.00655805	0.1	27071.1	-5
-0.00189332	-0.00123228	-0.00201696	3.05375	-0.00478432	-0.00383744	0.00300001	997.17	-5
-0.000190105	-0.00178515	0.0019298	2.78627	-0.00132358	-0.00861404	0.1	27791.7	-5
-3.69847e-06	-0.000873964	-0.000201224	2.98909	-0.000514077	-0.00311938	0.1	25700.9	-5
-0.000953034	-0.00114481	0.000570264	2.92186	-0.00280007	-0.0053618	0.1	27520.2	-5
0.000103188	-0.00192105	-0.00033168	2.86666	0.000711187	-0.00641897	0.00300001	1089.47	-5
8.98855e-06	-0.00151988	0.00113749	2.81267	0.000239569	-0.00613114	0.1	26884.2	-5
0.00189582	-0.00325952	-0.0033439	3.31414	0.00275867	-0.00435043	0.003	541.087	-5
0.00269215	-0.00215711	-0.00275997	3.20226	0.00220153	-0.00163737	-0.000609175	49.1794	-5
0.00176368	-0.0017009	-0.00227375	3.16008	0.00357747	-0.00315615	0.003	257.816	-5
0.000121589	-0.00189666	0.00065949	2.82756	0.00124668	-0.00463306	0.1	28316	-5
-0.00216123	-0.00174001	-0.00294414	3.16464	-0.00404484	-0.00339332	0.003	468.167	-5
0.00221993	-0.00172261	-0.00255995	3.16956	0.00382208	-0.00272985	0.003	269.507	-5
0.000190112	-0.00227396	-0.00186683	2.96135	0.00112417	-0.00540864	0.003	651.293	-5
0.000242886	-0.00395489	-0.00294493	3.09614	8.25269e-05	-0.00261857	-0.000299687	71.9608	-5
0.000995207	-0.00136085	-0.00202231	3.05982	0.00272761	-0.00456231	0.1	27457.8	-5
-6.08066e-05	-0.00186208	0.00034388	2.85531	-0.00232367	-0.00808971	0.1	28145.8	-5
6.05613e-05	-0.00313737	-0.00263676	3.04713	4.93173e-05	-0.00257647	-0.000192308	55.4945	-5
-0.000289464	-0.00189783	-0.000798348	2.90997	0.000993046	-0.00644515	0.1	30161.7	-5
-0.00120671	-0.00266337	0.00357713	2.59374	-0.00254009	-0.00563863	0.00300001	1244.02	-5
-0.00164748	0.000236603	-0.00118556	2.70018	-0.00711434	0.00176353	0.1	28745.8	-5
-0.00258299	5.46818e-05	-0.00285153	2.92125	-0.00610084	0.000465722	0.00300001	942.049	-5
0.000461519	0.00230367	0.02	0	-0.00124886	0.00243653	0.1	22614.8	-5
-0.00128818	0.000563283	-0.00207012	2.76446	-0.00405916	0.00133772	0.1	26794.7	-5
0.00664602	0.00912608	0.00175462	3.32057	0.00656584	0.00798789	0.003	38.4088	-5
0.00278698	0.00145648	0.02	0	0.00270407	0.00294735	0.1	22469.8	-5
0.00200621	-0.00164632	-0.00274611	3.38416	0.00366813	-0.00276313	0.003	276.594	-5
-2.25601e-05	-0.00148208	0.00134914	3.08158	0.000247142	-0.00743551	0.1	26596.2	-5
0.000912681	-0.00166761	-0.00267109	3.47709	0.000503084	-0.00528341	0.1	29975.1	-5
0.00088296	-0.00117085	-0.000867497	3.20354	0.00445813	-0.00496733	0.1	27084.9	-5
0.00158767	-0.00127656	-0.00462622	3.49022	0.00570484	-0.00138917	0.1	25997.9	-5
4.64497e-05	-0.00223747	-0.000913615	3.20365	-0.000304819	-0.00523131	0.00300001	406.328	-5
-0.00119143	-0.00286872	-0.0025417	3.43762	-0.00109288	-0.00230852	-0.000135396	53.9603	-5
-0.0014892	-0.00609352	0.02	0	-0.000804638	-0.00330465	0.1	23065.2	-5
0.00143128	-0.00165469	-0.00150983	3.23158	0.00329884	-0.00377876	0.003	310.853	-5
0.000680586	-0.00175395	-0.000408717	3.18979	0.00153633	-0.00581194	0.003	993.669	-5
0.00177059	-0.00137498	-0.00276186	3.31898	0.00551205	-0.00653306	0.1	29755.3	-5
-0.000526743	-0.00192748	-0.00178844	3.2757	-0.00118067	-0.0056146	0.1	28026.4	-5
0.00323682	-0.00247135	-0.00313522	3.76041	0.00404465	-0.00268936	0.003	376.296	-5
0.000483087	-0.00174664	0.00094983	3.10189	0.00162401	-0.00546248	0.003	691.964	-5
0.000933413	-0.00114087	-0.00109568	3.2043	0.004797	-0.0058154	0.1	26914	-5
0.000126301	-0.001841	0.00023686	3.1231	0.000289218	-0.00642284	0.00300001	1804.68	-5
0.00072295	-0.00157121	-0.000521616	3.15807	0.00396965	-0.00570381	0.1	29947.2	-5
0.00115451	-0.00179646	-0.00175893	3.23425	0.00352615	-0.00571598	0.00300001	2470.1	-5
0.00148709	-0.00133214	-0.0013738	3.21395	0.00400252	-0.00439143	0.003	985.982	-5
0.000940234	-0.00114971	-0.000921915	3.17688	0.00244739	-0.00284632	0.1	27409.7	-5
0.000327102	-0.00139148	1.07053e-05	3.14277	0.00108869	-0.00458005	0.1	27162.7	-5
-0.00062221	-0.00210513	5.43946e-05	2.54573	-0.00127795	-0.00475319	0.003	270.556	-5
-0.00142679	-0.00235624	-0.00287282	2.761	-0.00223557	-0.00462989	0.003	348.343	-5
-0.00111864	-0.00181028	-0.00328002	2.85205	-0.00287865	-0.00448078	0.1	28276	-5
-0.000768861	-0.0019625	-0.000821773	2.59706	-0.00184864	-0.00486194	0.003	391.366	-5
-6.42303e-05	-0.00209852	-0.00279596	2.68839	-0.00042071	-0.00525576	0.1	27730.3	-5
0.000170318	-0.00227564	-0.00181028	2.62108	0.000527318	-0.00483757	0.00300001	273.118	-5
0.000929681	-0.0015667	0.02	0	0.000396787	-0.00244596	0.1	22961.5	-5
-0.00136992	-0.00114594	-0.00162885	2.62745	-0.00672885	-0.00184058	0.1	27600.5	-5
-0.000643534	-0.00260683	-0.00113662	2.58325	-0.000657602	-0.00259132	-0.000433641	14.3277	-5
-0.00110887	-0.00175673	-0.000419422	2.58264	-0.00286307	-0.00449035	0.00300001	370.713	-5
-0.000131428	-0.00288704	-0.00233993	2.7165	-1.06551e-05	-0.004317	0.003	168.099	-5
0.0016794	-0.00200989	-0.00327469	2.73537	0.00486285	-0.000476813	0.1	29198.7	-5
-0.000482438	-0.0022358	-0.00133655	2.62906	-0.000916809	-0.00449492	0.003	188.946	-5
-0.000738329	-0.00332514	-0.00274995	2.69393	-0.000554242	-0.00260282	-0.000402952	52.693	-5
-0.00057711	-0.0023694	-0.000788577	2.57214	-0.000940218	-0.00424101	0.003	137.781	-5
-0.00101433	-0.00354322	-0.00282542	2.70171	-0.000706271	-0.00259166	-0.000465295	56.7299	-5
-0.00100941	-0.00222142	-0.00183651	2.71021	-0.00225603	-0.00434926	0.003	299.954	-5
-0.00126016	-0.00147285	-0.0011573	2.62147	-0.00609678	-0.00471632	0.1	28987.5	-5
-0.000546365	-0.0020675	-0.00177686	2.64995	-0.0015154	-0.0056587	0.003	767.862	-5
-0.000671856	-0.00186453	0.000537858	2.52836	-0.00152067	-0.00487633	0.003	309.741	-5
-0.00178829	-0.00622482	0.02	0	-0.00286846	-0.00453026	0.1	22801.5	-5
-0.00752313	-0.0115367	0.000389803	3.08433	-0.00742247	-0.00825938	0.1	26253.4	-5
-0.00651046	-0.0109331	0.00143283	2.97387	-0.00737954	-0.00786815	0.1	26956.7	-5
-0.00864473	-0.0115714	-0.0027943	3.24173	-0.0135469	-0.00897153	0.1	27695.8	-5
-0.00789309	-0.0121246	-0.000691342	3.1681	-0.00812521	-0.0120798	0.1	26513.9	-5
-0.00480361	-0.0117231	-0.00417917	3.46281	-0.00363957	-0.00904741	0.1	26656.1	-5
-0.00823412	-0.0121573	-0.0031392	3.39947	-0.0109927	-0.0136493	0.1	26616.7	-5
-0.00729294	-0.0115867	-0.00104419	3.12641	-0.00923023	-0.00821048	0.1	26579.8	-5
-0.0081845	-0.0123047	-0.00270795	3.30936	-0.0110407	-0.0131711	0.1	26058.2	-5
-0.00715078	-0.0124817	-0.00202873	3.23157	-0.00848072	-0.0142798	0.1	25973	-5
-0.006864	-0.0115058	-0.00193404	3.1644	-0.00429667	-0.00947697	0.1	27031	-5
-0.00791694	-0.012123	-0.00260857	3.20418	-0.00759669	-0.0108406	0.1	25957.4	-5
-0.00786888	-0.0115053	-0.00136739	3.15068	-0.0100805	-0.0118518	0.1	26817.8	-5
-0.00722449	-0.0116514	-0.000559699	3.11629	-0.00758783	-0.00786945	0.1	26072.3	-5
-0.00803899	-0.0122322	-0.00110167	3.18761	-0.0103797	-0.0122515	0.1	26404.4	-5
-0.00605968	0.00602374	0.02	0	-0.00770423	0.00652603	0.1	22008	-5
-0.00508181	0.0129909	-0.00236886	3.43509	-0.00107032	0.0147338	0.1	28523.2	-5
-0.0063981	0.0137857	-0.00285859	3.59047	-0.00316149	0.0152238	0.1	27437.7	-5
-0.00409801	0.0121112	-0.00283889	3.42923	-0.00223795	0.0117631	0.003	315.795	-5
-0.00558906	0.0119114	-0.000362448	3.27753	0.000813524	0.0122651	0.1	28031.8	-5
-0.00193574	0.00103843	0.02	0	-0.000515345	0.000189186	0.1	23268.6	-5
-0.0056419	0.0121086	-0.00252544	3.44385	-0.0056021	0.0150745	0.1	26159.6	-5
-0.004436	0.0119071	-0.00212913	3.41575	-0.00273156	0.0116811	0.003	160.477	-5
-0.00607847	0.0115179	0.000369055	3.24492	-0.00341229	0.00977129	0.1	25755.6	-5
-0.0055719	0.0121413	0.00238428	3.04552	-0.00415319	0.0141241	0.1	26561.6	-5
-0.00311085	0.0115234	-0.00304337	3.59565	-0.00265998	0.0112768	0.003	224.354	-5
-0.0045314	0.0111343	-0.00212211	3.4343	-0.00284432	0.0103097	0.003	209.046	-5
-0.00384015	0.0141086	-0.00281144	3.55489	-0.00467936	0.0136368	-0.000675229	49.9079	-5
-0.00374598	0.0113813	-0.00271547	3.56151	-0.00437745	0.0115015	-0.000488827	47.8514	-5
-0.00459699	0.0141104	-0.00226368	3.46574	-0.00494025	0.013804	-0.000394465	40.5229	-5
-0.00550546	0.0120994	-0.00180676	3.40588	-1.18096e-05	0.0110605	0.1	26337.1	-5
-0.00376527	0.0123336	-0.00299632	3.45753	-0.00247138	0.0122335	0.003	238.754	-5
-0.00519665	0.0124326	-0.000926367	3.33976	-0.000145548	0.012571	0.1	27938	-5
-0.00442596	0.0120694	-0.00156699	3.3998	-0.00265347	0.0117631	0.00300001	162.253	-5
-0.005012	0.0129318	-0.00131703	3.36951	-0.00137394	0.0152766	0.00300001	1149.79	-5
-0.00541046	0.0123566	0.00090929	3.18754	0.000600584	0.0171031	0.1	26800.5	-5
0.0048723	0.00420756	0.02	0	0.00544972	0.0032543	0.1	21983.7	-5
-1.97441e-05	-0.000652	-0.00284933	4.23896	0.000772032	-0.000645813	0.1	26626.4	-5
0.000562733	-0.000441745	-0.000514989	4.09555	0.00301046	-0.00117959	0.1	26650.1	-5
0.000692424	-0.000101112	-0.00144928	4.16728	0.00245542	-0.00111417	0.1	26632.8	-5
0.000578602	-0.000343338	-0.00113387	4.11553	0.003831	-0.00104895	0.1	26141	-5
0.002525	-0.000744326	0.00222538	3.71284	0.00430132	-0.00105852	0.003	90.2457	-5
0.00221068	0.00113196	0.00345921	3.60607	0.0050169	0.00263563	0.1	28118	-5
0.000802194	0.000761406	-0.00156784	3.99619	-0.00030426	0.0021171	0.1	26897.7	-5
-0.000447609	-0.00137331	-0.00168996	4.19195	-0.00178695	-0.00621724	0.1	27610.4	-5
0.000544495	-0.000160807	-0.0017901	4.13963	-0.00181269	0.000347805	0.1	26306.6	-5
0.0014633	-0.000690979	-0.0028246	4.25544	0.00320847	0.000660496	0.1	27416.8	-5
0.00659113	0.00266835	0.02	0	0.00754958	0.00582273	0.1	22601.2	-5
0.00162474	-0.000411913	-0.00105393	3.90686	0.0065365	-0.00011481	0.1	27240.6	-5
0.00114711	0.000674032	-0.00211405	4.24584	0.00323981	0.000646654	0.1	26316.4	-5
0.00159473	-0.000847611	0.00145939	3.768	0.00607267	-0.0033397	0.003	2752.21	-5
0.00205247	-0.00169391	0.000565834	3.79744	0.0030837	-0.00262469	0.003	69.0262	-5
0.00228823	-0.000975397	0.00115922	3.76777	0.00394467	-0.00146721	0.003	95.6571	-5
-0.000525585	-0.000625768	0.02	0	0.000898974	0.000251711	0.1	22244.4	-5
0.0124481	0.00167397	0.000125479	3.76557	0.0107348	0.00345492	0.003	210.665	-5
0.00402521	0.000106207	0.02	0	0.00551824	-0.00185186	0.1	21833.9	-5
0.00190362	-0.000173591	0.00232406	2.72813	0.00567214	-0.000592903	0.1	29771.2	-5
0.000574758	-0.000487209	0.000546949	2.80884	0.00518352	-0.00324743	0.1	26982.3	-5
-5.55354e-05	-0.0055904	0.02	0	-0.000949824	-0.00572485	0.1	22442.9	-5
0.00121062	0.0011288	-0.00308703	3.15316	0.00303208	0.00507189	0.1	26683.2	-5
0.000891185	0.000354246	-0.00262585	3.19733	0.0017278	0.00349424	0.1	26010	-5
-0.000616304	0.000440312	-0.00166299	2.91539	-0.000342513	0.00312974	0.1	25913.7	-5
-4.89048e-05	0.000170372	-0.000693644	2.89777	-0.000186969	0.000872143	0.1	25582.3	-5
0.0012327	-0.00242795	-0.0014983	3.13079	0.00116769	-0.00235917	-0.000330828	26.1035	-5
-0.000193503	0.000179317	-0.000227812	2.85236	-0.00158591	0.00116439	0.1	26051.8	-5
0.00769806	-0.0123517	-0.00142843	3.25491	0.0102251	-0.0133428	0.1	26342.7	-5
0.00509846	-0.0112542	-0.00124856	3.21036	0.00237845	-0.0101083	0.003	307.263	-5
0.00520511	-0.0115493	8.85931e-05	3.15655	0.00169479	-0.0102277	0.003	770.612	-5
0.00739446	-0.0118562	0.00210663	3.00338	0.00674855	-0.0105627	0.1	26561.1	-5
0.00631238	-0.0134612	-0.0021575	3.34885	0.00352875	-0.0161523	0.1	26710.4	-5
0.00473454	-0.0122237	-0.00331433	3.48889	-0.00246397	-0.0121627	0.1	28038.9	-5
0.00584335	-0.0121562	0.00371518	2.7873	0.00286163	-0.0121024	0.1	27324.5	-5
0.00706189	-0.0104689	-0.00302017	3.53786	0.00797274	-0.0037526	0.1	26891.3	-5
0.00679975	-0.0134381	-0.0015908	3.32464	0.00785055	-0.0167646	0.1	27488.1	-5
0.00519672	-0.0147519	-0.0032601	3.4775	0.00355828	-0.0169602	0.003	764.29	-5
0.00555723	-0.0097011	-0.00218737	3.28732	0.0046896	-0.00825999	0.003	208.292	-5
0.00396249	-0.00665387	0.02	0	0.00311512	-0.00384596	0.1	22764.9	-5
0.011026	-0.0126585	-0.00312785	3.46385	0.012168	-0.0129641	0.003	454.961	-5
0.00814265	-0.0127162	0.0011255	3.05341	0.0123456	-0.0147188	0.1	26604.7	-5
0.00532793	-0.00991124	-0.00174596	3.27731	0.00540014	-0.0100214	-0.000355969	31.5424	-5
-0.000651582	-0.000251138	-0.00285294	3.76026	-0.000401175	0.000638499	0.1	25418.2	-5
-0.00204094	0.00140711	-0.00361726	3.90611	-0.0025682	0.00263265	0.1	27612	-5
-0.000800556	-0.000336739	-9.07e-05	3.52246	-0.00297803	-0.00179296	0.1	25756.4	-5
0.00198114	-0.00468421	0.02	0	0.000346503	-0.00479057	0.1	22462.2	-5
-0.000290596	-3.04415e-05	-0.00142425	3.615	-0.00354118	-0.00108769	0.1	26412.7	-5
8.03792e-05	-0.000972989	-0.00251133	2.83285	0.0010799	-0.000559656	0.1	26153.5	-5
0.00122781	0.00117528	-0.00221675	2.80986	0.00615858	0.00417047	0.1	27389.4	-5
0.00161811	0.000504915	-0.00159055	2.71907	0.00724974	0.00352736	0.1	27991.1	-5
0.000783626	0.000563252	-0.00075073	2.67434	0.0036479	0.00362895	0.1	26370.3	-5
0.000517165	-0.000607244	-0.00175054	2.7695	0.00221671	-0.00187544	0.1	26677.4	-5
0.000901968	0.00106537	0.000173176	2.62753	0.0039508	0.00728598	0.1	26794.5	-5
0.000504935	0.000875078	-0.00189615	2.78427	0.00120894	0.00415506	0.1	26281.2	-5
0.00158289	0.00063356	0.000237665	2.65259	0.00654585	0.00175316	0.1	27730.3	-5
0.00299667	-9.60076e-05	-0.00405088	2.85736	0.00675893	-0.00101492	0.003	2846.49	-5
0.00113087	0.0013217	-0.00264846	2.82815	0.00414906	0.00253116	0.1	26500.7	-5
0.00159404	0.000347204	-0.0025603	2.74306	0.00295915	-0.00138005	0.1	26788	-5
0.00164338	0.00116949	-0.00225473	2.74669	0.00774247	0.00375514	0.003	6135.5	-5
0.00106312	0.00128148	-0.00135005	2.74341	0.00435981	0.00474665	0.1	27848	-5
0.00131135	0.000379587	-0.00114875	2.70849	0.00691927	0.000863928	0.1	27304.7	-5
0.00136211	0.000517658	0.0010842	2.58457	0.00399076	0.00237648	0.1	26784.6	-5
7.20274e-05	0.00197943	-0.00331908	2.93746	-0.000904981	0.00549024	0.1	26732.5	-5
0.00137025	0.000566852	0.000649204	2.59423	0.00281901	0.00385952	0.1	27232.7	-5
0.00142656	0.00159474	-0.00169648	2.78289	0.00369801	0.00476965	0.00300001	900.982	-5
0.00147087	-0.00213838	0.00244381	2.40704	0.00293598	-0.00406082	0.003	201.24	-5
0.000259996	0.00383306	-0.00273405	2.89372	0.000199148	0.00277613	-0.000708152	45.7949	-5
0.000544284	0.00294971	-0.00254007	2.87228	0.000640027	0.00447136	0.00300001	217.954	-5
0.00251212	0.00280056	-0.00280967	2.85879	0.00198839	0.00198398	-0.000772187	46.174	-5
0.00154241	0.00186876	-0.00245463	2.8202	0.00348115	0.00439737	0.003	578.812	-5
0.00118743	0.00111597	-0.000826121	2.71675	0.00521543	0.00408329	0.1	27716.6	-5
-0.000378736	-0.000557651	0.02	0	0.00365528	0.000224573	0.1	23008.2	-5
0.000500468	-0.00154811	0.00180904	2.48607	0.00203706	-0.00559444	0.1	28064.9	-5
0.00663199	-0.00689239	0.02	0	0.00558271	-0.00723431	0.1	22870.5	-5
0.00204066	-0.00350527	0.02	0	0.00159417	-0.00353194	0.1	22338.4	-5
-0.00473974	-0.000188507	0.02	0	-0.00437448	-0.000315234	0.1	21742.9	-5
-0.0060028	0.00568074	0.02	0	-0.00408275	0.00623149	0.1	23107.4	-5
-0.00177904	-0.00256499	0.02	0	-1.59098e-05	-0.00391972	0.1	22748	-5
0.00682197	-0.00136353	0.02	0	0.00679884	-0.000289349	0.1	22926.8	-5
0.0142303	0.00164786	0.00140168	2.98908	0.0137046	0.00661153	0.1	27373.2	-5
0.0135645	0.00227214	-0.00207206	3.25913	0.0132373	0.00487344	0.003	302.551	-5
0.0141121	0.00179806	-0.00178859	3.20262	0.0147672	0.00684403	0.003	1609.51	-5
0.0139578	0.00171455	-0.000179614	3.07596	0.0137435	0.00314998	0.1	26536.7	-5
-0.000164264	-0.00159573	-0.00267342	3.39496	-0.00261968	-0.00482282	0.1	26862.9	-5
-6.83872e-05	-0.00111352	-0.000249801	3.23496	0.00145067	-0.00251065	0.1	26310.4	-5
0.000608354	-0.00290141	0.02	0	-0.00181491	-0.0017361	0.1	22270.4	-5
-0.000971547	-0.00223963	-0.00305168	3.42924	-0.00204595	-0.00660554	0.1	27655.3	-5
0.00504174	-0.00291227	0.02	0	0.00572343	-0.00239357	0.1	22676.4	-5
0.00273801	-0.000824979	-0.00317058	3.75912	0.00667875	-0.00218576	0.00300001	2165.19	-5
0.00202101	-0.000745506	-0.00241583	3.73056	0.00725187	-0.00339539	0.1	30124.1	-5
-0.00711617	0.013123	7.41556e-06	2.56555	-0.00778648	0.0188585	0.1	27305.3	-5
-0.00837269	0.0118916	-0.000368849	2.6615	-0.0142269	0.00982022	0.1	26872.1	-5
-0.00653739	0.0133593	-0.00341255	2.83547	-0.00371993	0.0140551	0.1	26431.7	-5
-0.00701102	0.0127392	-0.00230824	2.72704	-0.00625424	0.015354	0.1	27170.5	-5
-0.00868605	0.0128156	-0.00313592	2.84548	-0.0125233	0.0150731	0.1	27796.2	-5
-0.00628426	0.0141929	-0.00341075	2.89866	-0.00376486	0.0174796	0.1	27138	-5
-0.00846385	0.0120948	-0.00237645	2.84243	-0.0106299	0.0136256	0.1	26329	-5
-0.00759159	0.0126478	0.00141916	2.50135	-0.00818043	0.0157408	0.1	26566.5	-5
-0.00831489	0.0121903	0.000845968	2.5693	-0.0114167	0.0150837	0.1	26428.9	-5
-0.00576385	0.0122753	8.9259e-05	2.67578	-0.00304917	0.0134714	0.1	26776.7	-5
-0.00605657	0.0129049	0.00457784	2.21748	-0.0031644	0.0152454	0.1	26131.1	-5
-0.00606575	0.0137662	-0.00164942	2.81015	-0.0059932	0.0188942	0.1	27198.4	-5
-0.0084176	0.0114018	-0.000976424	2.68329	-0.0120393	0.0109783	0.1	26940.1	-5
0.000954876	0.00627685	0.02	0	-0.00202212	0.0064422	0.1	22570.3	-5
-0.00848505	0.0128589	-0.00105791	2.68169	-0.0118928	0.0148417	0.1	26968.4	-5
-0.00789309	0.013257	-0.00161869	2.74913	-0.0133616	0.0163835	0.1	27712.7	-5
-0.00882023	0.0130808	-0.00207624	2.73832	-0.0131905	0.0168973	0.1	29313.3	-5
-0.0055803	0.0122465	-0.00172686	2.72913	-0.00196126	0.0100905	0.1	26400	-5
-0.00598258	0.012546	-0.000432239	2.73232	-0.00459198	0.013018	0.1	26183.3	-5
-0.0104411	0.0106497	-0.00338753	2.96103	-0.0132987	0.0097044	0.003	1433.26	-5
-0.00755016	0.0122031	0.002926	2.39567	-0.0104317	0.0134916	0.1	25835.8	-5
-0.0105316	0.0116398	-0.0030651	3.00267	-0.011313	0.0119612	0.003	200.091	-5
-0.000797823	-0.00157293	-0.000563726	3.57944	-0.0044295	-0.00496837	0.1	27644.5	-5
-0.00161126	-0.000480825	-0.000749794	3.63785	-0.00652527	-0.00110474	0.1	27901.8	-5
-0.000944253	-0.00190725	0.00339554	3.25676	-0.00373656	-0.00517408	0.1	27536.6	-5
-0.000483612	-0.00216896	-0.00194371	3.6802	-0.00137609	-0.0062191	0.00300001	1002.08	-5
0.000125056	-0.00240995	-0.00321411	3.75507	0.00163318	-0.00528615	0.1	28193.5	-5
-0.000784333	-0.0014964	-0.000385175	3.57607	-0.00188719	-0.00730655	0.1	27115.2	-5
-0.000689069	-0.00128864	-0.000975723	3.6	-0.00290109	-0.00567241	0.1	26103.7	-5
-0.000750681	-0.00182922	-0.00100874	3.59667	-0.00245605	-0.00646462	0.00300001	3886.29	-5
-0.000885557	-0.000855628	-0.0031633	3.72075	-0.00269598	-0.00181834	0.1	27714.7	-5
-0.00179601	-0.000520616	-0.00158938	3.69697	-0.00798368	-0.000821459	0.1	27060.5	-5
-0.00385613	-0.000832576	-0.00305038	3.79162	-0.00425364	-0.000775913	0.003	208.988	-5
-0.00214539	-0.000544403	-0.00224507	3.69983	-0.00583264	-0.00148865	0.003	950.736	-5
-0.00285787	0.00128566	-0.00296248	3.79813	-0.00423921	0.00174724	0.00300001	251.495	-5
-0.00229394	-0.00244479	-0.00241199	3.77409	-0.00198428	-0.00207211	-0.000922196	34.0473	-5
-0.00176009	-0.000473687	-0.00194043	3.68588	-0.00588361	-0.00352356	0.1	27439.4	-5
-0.00322203	-0.000750915	-0.00297083	3.77473	-0.0025044	-0.000566599	-0.000169114	68.6857	-5
-0.000954893	-0.00105291	0.000647217	3.51563	-0.00283021	-0.00287367	0.1	26314.9	-5
-0.00171097	-0.00157801	0.000795605	3.46188	-0.00347177	-0.00299025	0.003	155.501	-5
0.00126472	-0.00646012	0.02	0	0.00135751	-0.00596841	0.1	22738.1	-5
0.000533729	-0.000378069	-0.000995565	2.88056	0.00253904	-0.00355986	0.1	25590.1	-5
4.95223e-05	-0.000262571	-0.000572802	2.86376	-0.00135201	-0.00050107	0.1	25821.7	-5
-0.00174977	0.00116414	0.02	0	-0.00229475	0.00111591	0.1	22770.4	-5
0.000739743	0.000830478	-0.00292615	3.00895	0.000241693	0.00266468	0.1	27172.9	-5
5.47923e-05	0.000136609	-0.00214613	2.91853	-0.00212981	-0.001106	0.1	25966.6	-5
-0.000260241	-0.000629304	0.000141738	2.81267	0.00358038	-0.00427893	0.1	27046.9	-5
0.00604199	-0.0118665	0.00123525	3.37002	0.00417053	-0.010077	0.1	26271.3	-5
0.00617778	-0.0116702	0.000379673	3.42302	0.00168201	-0.0121711	0.1	25944.5	-5
0.00518802	-0.0116195	-0.00276451	3.70448	0.000972702	-0.0097626	0.1	27078.9	-5
0.000898685	-0.00386033	0.02	0	-0.0008166	-0.00156661	0.1	22741.2	-5
0.00519458	-0.0103283	-0.000644549	3.58028	0.00518195	-0.010316	-0.00016049	13.132	-5
0.00494195	-0.0107024	0.00181776	3.26227	0.00350929	-0.00962492	0.003	87.2154	-5
-0.00101385	-0.0011372	-0.000620955	3.20385	-0.00205933	-0.00342693	0.1	26558.3	-5
-0.00525583	-0.00651967	0.02	0	-0.00286899	-0.00533843	0.1	22165.8	-5
-0.000796881	-0.00110406	-0.000111611	3.18627	-0.00149427	-0.00294505	0.1	26830	-5
