-0.0121229	-0.000397717	0.00142924	3.15379	2.34928	-0.0109799	-0.00445404	-0.1	20.4036	2.17155	-5
-0.0124689	6.01713e-06	-4.85502e-05	3.1974	0.703349	-0.00138391	0.00821177	-0.1	18.4986	2.79079	-5
-0.0128823	-0.000952873	-0.00334864	3.46955	1.35678	-0.017335	0.00437751	-0.1	19.328	3.07577	-5
-0.012381	1.81662e-05	-0.000668912	3.20495	0.287	-0.0212263	-0.00820435	-0.1	19.4417	0.620277	-5
-0.0122323	4.96309e-05	-0.00101316	3.25542	0.0566006	-0.00642709	0.00055514	-0.1	19.2681	0.291288	-5
-0.0121098	0.0001612	-0.000456382	3.21202	0.0880003	-0.0159298	-0.0057493	-0.1	18.6417	2.73862	-5
-0.0133977	-0.000472598	-0.000661999	3.31239	1.39213	-0.017763	-0.00135641	-0.00293426	3.77036	8.37295	-5
-0.0117457	0.00014072	-0.00255931	3.32476	0.396847	-0.0103438	0.00162239	-0.00274054	3.62461	12.595	-5
-0.0114341	-0.000402358	-0.00230324	3.30897	0.08966	-0.0102011	-0.00164429	-0.003	3.39311	1.58842	-5
-0.00477328	-0.00461242	0.02	0	0.1	-0.0110471	0.000110875	-0.00113741	3.32919	10.0775	-5
-0.0117292	-0.000433368	0.00234122	3.0751	1.50354	-0.0116105	-0.00123792	0.000477702	3.22348	8.09435	-5
0.00576412	0.0105822	0.000324771	3.08358	0.203	0.00469626	0.00272272	-0.1	20.9942	2.09279	-5
0.00420551	0.0126911	-0.00281351	3.3379	0.203	-0.00930957	0.017938	-0.1	18.7067	2.59272	-5
0.00467283	0.0133445	-0.00244626	3.26774	0.0331719	0.00149088	0.0134154	-0.1	20.8844	1.86011	-5
0.00513185	0.0108718	-0.00110062	3.14513	0.0880003	-0.00224105	0.0158159	-0.1	20.1608	0.921689	-5
0.00442435	0.0125024	-0.00282326	3.42887	1.28708	0.0053215	0.0104919	-0.1	19.1283	3.39811	-5
0.00744809	0.010998	-0.00345412	3.28731	0.292	0.014587	0.0104526	-0.1	18.0878	2.48599	-5
0.0054565	0.0109335	0.00291308	2.89257	0.0880003	0.00844721	0.0135736	-0.1	19.559	2.2264	-5
0.00602699	0.0106384	-0.000792468	3.12252	3.27111	0.00293598	0.0132884	-0.003	3.8766	2.30658	-5
0.00664464	0.00954468	-0.00276565	3.34249	0.127	0.00408869	0.00648647	-0.003	4.0646	0.64322	-5
0.00548082	0.0113595	0.00170436	3.00139	0.127	0.00242398	0.0136317	-0.003	3.78368	3.95259	-5
0.00605473	0.00875152	-0.00312716	3.409	0.323	0.006163	0.00678025	-0.003	3.57407	1.15236	-5
0.00604233	0.010663	-0.000606762	3.15461	0.292	0.00544869	0.00838723	-0.003	3.5297	8.62222	-5
0.0065596	0.010078	-0.00229261	3.23728	1.36061	0.00832647	0.00587903	-0.003	4.06583	0.279352	-5
0.00484793	0.00875698	-0.00270749	3.4879	5.2546	0.00484996	0.00875133	-0.00269782	3.48798	5.41222	-5
0.00512946	0.0111864	-0.00149284	3.1641	0.529701	0.0048469	0.00875327	-0.00270948	3.48793	6.13011	-5
0.0064846	0.0106849	-0.00112998	3.17282	1.26213	0.00708861	0.00772135	-0.003	3.6532	1.01195	-5
0.00549851	0.0108292	0.00100136	3.05776	2.40544	0.0030238	0.0113353	-0.003	3.35858	8.94625	-5
0.00521718	0.0121082	-0.000265508	3.08932	0.582278	0.00355545	0.0146008	-0.003	3.37412	1.30214	-5
0.00478455	0.0132206	-0.00204592	3.23721	0.514386	0.00361611	0.0129862	-0.00247985	3.38133	4.45955	-5
0.00552768	0.0110345	-0.000662811	3.11572	0.125871	0.00446436	0.00903073	-0.00252807	3.29031	12.1826	-5
-0.00185814	0.00605962	0.02	0	0.1	0.00472269	0.00974798	-0.00197837	3.23612	4.40432	-5
0.0053855	0.0108053	-0.000448852	3.08483	1.884	0.00473452	0.0105389	-0.000663088	3.12349	8.76674	-5
0.00308982	-0.0052134	0.02	0	0.1	0.0100037	-0.0119364	0.00127397	2.94293	6.99526	-5
-7.11044e-05	-0.00084612	0.000282885	2.79328	0.146522	-0.00939349	0.00582159	-0.1	18.6615	0.99108	-5
0.00113812	-0.00169923	-0.00142341	2.91008	0.325931	0.00512271	0.00680757	-0.1	20.0045	0.429644	-5
0.00164494	-0.00655104	0.02	0	0.1	0.00484422	-0.00363469	-0.003	3.48946	1.93267	-5
9.60305e-05	-0.00133096	0.00128985	2.72618	0.127	0.00132032	-0.00241657	0.000634144	2.80254	18.1604	-5
-0.0056026	-0.00349688	0.02	0	0.1	-0.00877399	-0.0100665	-0.000542235	3.59539	12.3607	-5
-0.00657001	-0.0040244	0.02	0	0.1	-0.00229199	0.00715879	-0.1	19.4533	0.164436	-5
-0.000238471	0.00142735	-0.00253561	3.46882	0.0751206	-0.000240931	0.00423386	-0.1	20.3258	3.22414	-5
-0.0011904	0.000252262	-0.00132862	3.38212	0.829589	0.00795393	0.00105057	-0.1	19.7124	1.32275	-5
-0.000885874	0.000595016	-0.000737961	3.31659	0.168939	-0.00963208	-0.00210429	-0.1	18.5406	3.01636	-5
-0.00150558	-0.000194714	-0.00213942	3.43141	0.390634	0.00506727	-0.00107276	-0.003	4.30198	1.80116	-5
0.000198314	-0.000931345	0.000234219	3.17456	1.0944	-0.000187564	-0.00373746	-0.00249999	3.5584	5.95936	-5
0.000327763	-0.000748048	0.000775941	3.15732	0.630149	-0.0021279	-0.00314135	-0.0025	3.51115	10.2615	-5
-0.000203369	-0.00247924	-0.00145817	3.37417	2.72616	0.000148486	-0.00319581	-0.00174815	3.41349	7.59122	-5
0.000634795	-0.00263005	-0.00176188	2.93132	0.782655	0.0155133	0.00907547	-0.1	18.4066	1.28373	-5
0.00161294	-0.000610172	0.000119425	2.73872	0.248415	0.00809524	-0.00211558	-0.1	18.3338	3.10994	-5
0.00171045	-0.00073929	-0.000417044	2.75668	2.06511	0.00586921	0.00205481	-0.00299999	3.90577	1.33187	-5
0.00109074	-0.00133289	-0.000326369	2.83313	0.0859554	-0.00214069	0.00337897	-0.00293883	3.30184	11.9613	-5
0.000887205	-0.00258579	-0.00137183	2.92095	1.1263	0.000159082	-0.00414471	-0.003	3.09788	9.73295	-5
0.0013842	0.00454518	0.02	0	0.1	0.00163507	-0.00272743	-0.00169991	2.94883	6.47551	-5
0.00133037	-0.000808177	0.000558274	2.70177	1.65586	0.00122269	-0.000881138	-0.000382029	2.76555	8.1022	-7
-0.00111067	-0.00122656	0.00109511	2.16744	0.203	-0.0134031	0.00869535	-0.1	19.1329	2.08021	-5
-0.00178821	-0.00120198	-0.000350526	2.22961	1.25103	-0.00197103	-0.00242181	-0.00155612	2.34799	12.6585	-5
-0.00372064	-0.00241981	0.02	0	0.1	0.000995845	-0.00232147	6.50165e-05	2.27416	7.98896	-5
-0.000183503	-0.00146304	0.00222692	2.12144	0.00874522	-0.00139884	-0.00213963	0.0001406	2.25381	13.9298	-5
0.000175638	-0.00101895	-0.00216541	3.03338	0.0880003	-0.00141292	-0.000141331	-0.1	19.8226	0.946441	-5
-0.00162305	-0.000172529	-0.000739193	2.805	0.108626	-0.012448	0.000255855	-0.1	19.2552	2.0992	-5
-0.000878406	0.000611402	-0.00177235	2.85026	0.382226	0.00275236	0.00319165	-0.1	19.1663	1.08693	-5
-0.00115357	-0.000229904	-0.00232145	2.89768	2.38056	0.00820175	0.00110253	-0.1	18.1667	1.43935	-5
-0.00145699	0.000128609	-0.00119193	2.82024	0.172402	0.0042857	0.00639112	-0.1	19.4524	1.00783	-5
-0.00209593	-0.000866231	-0.00430946	3.14248	0.127	-0.00600974	0.00209188	-0.1	18.639	1.85287	-5
-0.000586094	-0.00101751	0.00305919	2.53744	3.0692	0.0052911	-0.0035064	-0.003	4.05423	0.269328	-5
-0.002343	7.31637e-05	-0.00225564	2.93414	0.553237	-0.00355011	-0.00184303	-0.00293637	3.26701	12.1445	-5
0.00158002	-0.0028345	0.02	0	0.1	-0.00340439	0.00210003	-0.00293395	3.31945	3.86008	-5
-0.00222476	1.35401e-05	-0.00179344	2.89458	1.11309	-0.00396894	-0.000497534	-0.00271649	3.03756	12.7642	-5
-0.00376165	-0.000172442	-0.00277592	2.96575	0.118759	-0.00399855	-0.000107845	-0.00282962	2.97143	12.0774	-5
-0.00339378	-0.000210712	-0.00268986	2.9601	0.76759	-0.00399407	-0.000217714	-0.00256885	2.97294	10.0493	-5
-0.00189121	-0.000175462	0.000702582	2.73853	0.244905	-0.00399982	3.84288e-05	-0.00288356	2.98303	13.2266	-5
-0.00210757	-0.000618728	-0.00057934	2.79795	1.62667	-0.00277074	-0.000827103	-0.000979133	2.84941	8.8642	-5
-0.00218783	-0.000276812	0.000332629	2.74838	0.71898	-0.002504	-0.000905464	-0.0004067	2.78351	7.19738	-5
-0.00617185	-0.000871024	0.02	0	0.1	0.00203636	-0.00173158	0.00043257	3.10435	12.9355	-5
-0.0002515	-0.00252242	0.000697788	3.295	3.47782	-0.000527731	-0.00259222	0.000363531	3.31276	8.73855	-5
-0.00164762	-0.000439856	0.02	0	0.1	-8.78526e-05	-0.00267894	0.000450942	3.30238	15.3959	-5
-0.0118106	0.000320445	0.000215494	3.22426	1.7574	-0.00784118	-0.0118777	-0.1	21.2071	0.770253	-5
-0.0121057	-0.000229914	-0.00151788	3.31277	0.11708	-0.00348686	0.00681648	-0.1	19.1152	1.51794	-5
-0.0116587	0.000900307	0.00204608	3.1317	1.33149	-0.0114842	0.00150811	-0.00274187	3.62666	8.13088	-7
-0.0110622	-0.000265611	-0.00302735	3.49553	1.598	-0.0100055	-0.0018385	-0.003	3.73801	2.9227	-5
-0.0120907	0.00211357	-0.00196462	3.42836	0.292	-0.0111373	0.00284925	-0.003	3.51744	0.130743	-5
-0.0128026	0.00114431	1.63555e-05	3.26415	2.76178	-0.0117567	0.00247432	-0.00209972	3.43858	16.159	-5
-0.0122094	0.000670992	0.00137059	3.17061	0.332052	-0.0113991	0.000590714	-0.00041786	3.29803	7.13734	-5
-0.00611858-0.000999733	-0.000488905	-0.001172	2.89781	1.38087	0.00155445	0.0049549	-0.1	18.6113	1.71203	-5
-0.00124691	0.00118627	0.02	0	0.1	-0.0222938	0.00572801	-0.1	18.1479	1.94101	-5
-0.00118104	-0.000347312	-0.00197157	2.93084	0.720847	-0.00265427	-0.00287416	-0.0025	3.19794	8.16523	-5
-0.00236732	-0.000239499	0.0028374	2.5966	0.0921187	-0.000704315	-0.0024554	-0.000136233	2.80791	14.3738	-5
-0.00223772	-0.000118638	0.00154978	2.68663	0.458	-0.0029063	0.000356526	0.00107025	2.75605	2.54434	-5
-0.00430467	0.00536623	0.02	0	0.1	-0.0140619	0.00586053	-0.1	20.6725	2.04053	-5
-0.022145	0.0110013	-0.00175017	3.39244	1.68031	-0.0372079	-0.000584165	-0.1	19.9704	1.62306	-5
-0.0213889	0.0105681	-0.00072553	3.23346	1.22734	-0.0156603	0.0283145	-0.1	20.6459	1.39577	-5
-0.0233088	0.00900159	-0.00302554	3.58888	0.503217	-0.0234636	0.00877173	-0.00299999	3.59274	8.14731	-5
-0.0215057	0.0100927	-0.00257447	3.4909	0.0737542	-0.0232635	0.0088264	-0.00287635	3.6095	7.9552	-5
-0.0207433	0.0100833	-0.00281787	3.33069	1.32392	-0.0188892	0.00803546	-0.003	3.54085	11.5291	-5
-0.0212868	0.010437	-0.000264487	3.22909	0.795596	-0.0195433	0.0073147	-0.003	3.59201	2.44196	-5
0.00606235	0.0107323	0.000792941	3.35802	1.59	-0.000268446	0.005426	-0.1	19.2499	2.51918	-5
0.00599331	0.0114228	-0.00169857	3.55566	1.81853	-0.00526854	0.0102448	-0.1	19.7755	0.810067	-5
0.0056087	0.0113752	-0.00205379	3.56839	0.528	-0.00340786	0.00337564	-0.1	18.735	0.911188	-5
0.00411722	0.00423556	0.02	0	0.1	0.00367381	0.0117827	-0.00210927	3.68032	6.65406	-5
0.00947805	-0.0117109	0.000602807	5.60744	0.0880003	0.00960274	-0.0117389	0.000327756	5.61656	11.7096	-5
0.00502019	0.00110407	0.02	0	0.1	0.00964621	-0.0117005	0.000449831	5.62707	7.32314	-5
0.00917088	-0.0112681	0.00092836	5.57986	0.479	0.00939512	-0.010891	0.000485147	5.60848	8.78335	-5
0.000457868	-0.00253022	-0.000902481	5.2111	0.187338	0.00321201	0.00952925	-0.1	20.4753	0.879642	-5
0.000121125	-0.00273205	-0.00277256	5.4925	0.203	-0.0111069	-0.0178483	-0.1	19.9893	1.22319	-5
0.00299856	0.00573074	0.02	0	0.1	0.00191994	-0.00395467	-0.003	5.73122	2.32627	-5
0.000758999	-0.00220146	-0.00172975	5.2325	0.669805	0.00298262	-0.00271983	-0.003	5.42834	12.8278	-5
0.00134695	-0.00241022	-0.00206493	5.25069	0.465	0.00135907	-0.00307149	-0.00214681	5.32901	7.84935	-5
0.00103065	-0.000381078	-0.00198789	2.71322	0.986272	0.00486423	-0.00587163	-0.003	4.33091	0.144646	-5
0.00478402	0.00364246	0.02	0	0.1	0.00285981	0.00446122	-0.003	3.27026	0.9844	-5
-0.00018357	0.000272852	0.000162804	3.8713	1.54316	0.0102435	0.00499966	-0.1	20.7477	2.23489	-5
0.00456204	-0.00279798	0.02	0	0.1	-0.00439726	0.00425692	-0.1	20.0322	1.4852	-5
0.000560613	0.000157046	0.00118142	3.81243	0.552617	-0.00109702	0.00652547	-0.003	5.39572	0.271848	-5
0.0139887	-0.000720589	0.000172294	2.93324	0.458	0.0154436	-0.000368107	-0.1	21.3835	0.134403	-5
0.0142689	-0.00232078	-0.00148782	3.0864	1.86906	0.0159447	-0.00479203	-0.003	3.51217	11.5141	-5
0.0138785	-0.00205692	-0.00208554	3.14835	0.00531373	0.0117099	-0.00444367	-0.003	3.97873	2.23072	-5
0.0135829	-0.0028529	-0.00202191	3.10343	0.127	0.0118346	-0.00405121	-0.00299999	3.59216	2.30641	-5
0.0150229	-0.00177385	-0.00132283	3.06823	0.528	0.0135413	-0.00397361	-0.00299665	3.55678	13.5966	-5
0.0138259	-0.00239968	-0.00257575	3.16249	0.968832	0.0127561	-0.00441859	-0.003	3.32325	1.91529	-5
0.0144886	-0.00184291	-0.000985369	3.05089	0.625777	0.0147037	-0.00403478	-0.003	3.38862	12.7589	-5
0.0152656	-0.00194116	-0.00168536	3.0747	1.36895	0.0163668	-0.00322462	-0.00295817	3.22483	10.3587	-5
0.0159691	-0.00246351	-0.0027091	3.15298	0.287	0.0165346	-0.00309451	-0.00258503	3.20328	5.76886	-5
0.0145542	-0.00212293	-0.00187737	3.1215	0.237	0.0131277	-0.00332889	-0.00235307	3.17432	8.35394	-5
0.00696219	0.00635696	0.02	0	0.1	0.0152336	-0.003072	-0.00202604	3.16825	4.99602	-5
0.0153165	-0.00179518	0.000472046	2.95326	0.106269	0.0155583	-0.00198989	6.87822e-05	2.9918	3.87665	-5
0.0143966	-0.00112992	0.0017385	2.85633	0.203	0.0159106	-0.00167099	-9.56649e-05	2.99304	8.43869	-5
0.0070825	-0.00993635	0.00208904	2.85729	0.0690002	-0.00634454	-0.0165907	-0.1	19.6698	2.6029	-5
0.00614007	-0.00935965	-0.00211702	3.18721	0.0880003	0.0075942	-0.0179847	-0.1	19.0787	2.72336	-5
0.00683525	-0.0106484	0.000490013	2.97453	0.56761	0.00781671	-0.00820862	-0.00299507	3.71637	13.411	-5
0.00309557	-0.0126648	-0.0028254	3.57142	0.438	0.00303509	-0.012653	-0.00284527	3.57211	0.438	-5
0.00299821	-0.00575788	0.02	0	0.1	0.00304551	-0.012726	-0.00281602	3.57209	2.63828	-5
0.00583189	-0.00854268	-0.00352355	3.28071	0.103434	0.00550679	-0.00841351	-0.00293145	3.34374	12.7484	-5
0.00421587	-0.0118533	-0.00214662	3.344	1.92532	0.00354901	-0.012309	-0.00238988	3.45141	9.2036	-5
0.00694837	-0.00970085	-0.00120816	3.11605	0.210837	0.00576856	-0.00900476	-0.00213457	3.19699	13.3585	-5
0.00026831	-0.00272434	-0.00282691	3.44454	0.448246	0.00996367	-0.0197404	-0.1	19.0975	1.1284	-5
-0.000784769	0.00473998	0.02	0	0.1	-0.00502947	-0.00614842	-0.1	19.3043	2.64253	-5
0.000251938	-0.00142385	-0.00210352	3.34082	1.10534	0.00113893	-0.000673802	-0.1	18.9561	3.38765	-5
-0.000189276	-0.00166273	-0.000944384	3.28812	0.127	-0.00578203	-0.0143407	-0.1	18.7923	2.6869	-5
-0.00108337	-0.000700905	-0.000777642	3.27627	0.127	0.00389723	0.00629146	-0.1	19.4642	2.11466	-5
-0.00133658	-0.00158269	0.000628191	3.18404	0.0880003	0.00855322	-0.0196229	-0.1	19.3635	2.05124	-5
-0.00110912	-0.000649802	-0.00218669	3.35882	2.31514	-0.00641861	-0.00289976	-0.003	4.59019	0.0898139	-5
0.000142395	-0.00271087	-0.00260535	3.39523	3.86519	0.0048236	-0.00388743	-0.003	4.17358	0.317564	-5
0.000180985	-0.00180307	-0.00137824	3.31201	0.137854	0.000653589	-0.004551	-0.00299999	3.76713	2.41518	-5
0.000291903	-0.00251772	-0.00199595	3.37229	0.328766	-0.00203257	-0.00377578	-0.003	3.63458	6.19518	-5
-0.000126366	-0.00324192	-0.00302149	3.44996	0.143077	0.000903274	-0.00389668	-0.00286282	3.64446	10.704	-5
0.000325316	-0.00371538	-0.00345833	3.47625	0.186732	0.000243314	-0.00403221	-0.003	3.49861	7.20757	-5
0.00025179	-0.00321165	-0.00306563	3.40236	4.29005	-0.000291758	-0.0041106	-0.003	3.46346	9.07186	-5
0.00219307	-0.000886816	-0.00324896	3.67544	0.0678617	-0.00447958	0.00392064	-0.1	19.4942	2.35591	-5
-0.000133773	-0.00177277	-0.00257779	3.55098	0.292	0.0140529	0.00182692	-0.1	20.3054	1.8038	-5
0.000848273	0.00120279	-0.000331011	3.11201	0.715505	-0.0145733	0.0034919	-0.1	20.978	0.662136	-5
0.000672109	-0.0017154	-0.00247255	3.48317	0.542279	0.000299756	-0.0138995	-0.1	20.2895	2.55458	-5
0.00130386	0.00125088	-0.00149533	3.19211	2.82919	0.0110742	-0.000797599	-0.1	19.3816	1.08478	-5
0.00104034	0.000463877	0.000378787	3.07728	1.30234	0.0100127	-4.14726e-05	-0.1	18.9383	1.77933	-5
0.00150205	0.00118845	-0.000444636	3.2159	0.390946	0.0170698	-0.00188558	-0.1	18.7003	2.7517	-5
-0.000389349	-0.00221497	-0.000827678	3.32184	0.438	0.00424413	-0.00171923	-0.003	4.01501	4.93009	-5
2.5401e-05	-0.0020194	-0.000154432	3.25214	1.66176	0.00257319	-0.00435318	-0.003	4.20684	1.48125	-5
-0.000186561	-0.00168639	-0.00133645	3.38465	1.083	0.00292156	-0.00273212	-0.00276149	3.79332	12.8166	-5
0.001417	0.000731472	0.00166501	3.00717	1.59	0.001702	0.00375763	-0.003	3.67197	2.42349	-5
0.000779208	0.000503111	0.00327405	2.93856	0.29003	-0.00172101	-0.00431725	-0.003	3.56591	12.0359	-5
0.00198661	-0.000932554	-0.00292164	3.27683	0.0456949	0.00437639	-0.000316719	-0.003	3.54418	3.82821	-5
0.00158344	0.00147335	-0.00202414	3.24079	0.567851	0.00227576	0.00345369	-0.003	3.50985	7.95169	-5
0.00114954	0.000842696	0.0009011	3.05983	0.438	0.00358493	-0.00177433	-0.0029831	3.50324	4.20648	-5
0.00185525	0.00142757	-0.00264079	3.28008	2.41866	0.00173924	0.00360209	-0.00275852	3.53121	7.87452	-5
0.00179007	-0.00063258	-0.00193948	3.22452	0.394294	0.00288517	-0.00277052	-0.00280624	3.38585	16.8725	-5
0.00603751	-0.00347275	0.02	0	0.1	0.00134813	0.00312593	-0.00226046	3.38916	7.06897	-5
0.0012668	0.00149956	0.000456988	3.07042	0.528	0.00148406	0.0021861	0.00035558	3.09458	6.2263	-5
-0.000564314	-0.00194511	-0.0017436	2.81035	0.458	-0.0030362	0.000327849	-0.1	19.5162	2.75943	-5
-0.00113035	-0.0015768	0.000663332	2.64741	1.598	-0.00723522	-0.00887075	-0.1	20.2497	3.37937	-5
-0.000668702	-0.00182761	-0.00225661	2.82185	0.528	-0.00508807	0.0049721	-0.1	19.3576	0.440506	-5
-0.000529892	-0.002225	-0.00131816	2.7855	0.465083	-0.0124027	0.00242008	-0.1	17.8344	1.21878	-5
-0.00159421	-0.00150136	-0.00326266	2.92233	0.13454	-0.00244582	-0.00215016	-0.00513192	3.07559	8.34307	-7
-0.00135268	-0.00285775	-0.00352161	3.0492	0.0318994	-0.0023657	-0.00337913	-0.00299999	3.08394	5.82171	-5
-0.00441463	0.00641923	0.02	0	0.1	-0.00143399	-0.00207282	5.11754e-05	2.67695	11.9613	-5
-0.000955832	-0.00113773	0.00208396	2.52159	0.438	-0.00278602	-0.00125331	0.00138716	2.58704	8.22412	-5
0.0134499	0.00299528	0.00231302	2.67321	0.69092	0.013657	0.00308555	0.00151148	2.75476	6.09082	-5
0.0132797	0.00281825	0.00196851	2.69242	0.542016	0.0132443	0.00310213	0.0017322	2.70384	5.77754	-5
0.00521531	0.00486837	0.02	0	0.1	0.0137757	0.0032787	0.00196592	2.69775	9.90131	-5
-0.00166457	-0.00178562	0.000337199	3.13863	0.393922	-0.00430978	4.29196e-05	-0.003	3.89252	4.31269	-5
-0.00150662	-0.00124489	-8.10828e-05	3.16086	0.117613	-0.000412281	-0.00668997	-0.003	4.33559	0.247244	-5
-0.00117959	-0.0013781	-0.000965931	3.20874	0.0484629	0.000389059	-0.00408806	-0.003	3.65281	5.90642	-5
-0.00246218	-0.00149254	-0.00216272	3.26668	0.533492	-0.00312022	-0.00123315	-0.0021376	3.33305	5.92078	-5
-0.00237402	-0.00181241	-0.00167808	3.25972	0.127	-0.00295959	-0.00165828	-0.00223125	3.30281	14.2798	-5
-0.00196862	-0.00161337	-0.00136245	3.24987	0.203	-0.00246689	-0.00198542	-0.00166659	3.26639	4.36587	-5
-0.00104112	-0.00159152	-0.000538183	3.19157	0.505246	-0.00238366	-0.00184406	-0.00128427	3.25858	3.7173	-5
-0.00172529	-0.00140025	0.00122016	3.05949	0.203	-0.00182581	-0.00182114	0.000196743	3.14212	6.09118	-5
-0.00216224	-0.00152649	0.000814374	3.08156	1.37713	-0.00228652	-0.00150658	0.000595845	3.08543	10.9781	-5
-0.00174862	-0.00158789	0.00257531	2.91768	2.25082	-0.00236386	-0.00151389	0.000767753	3.08635	5.38959	-5
-0.00181449	-0.00197222	0.00156083	2.95982	3.123	-0.00174498	-0.00229201	0.000951721	2.9797	5.32682	-5
-0.00521771	-0.00360676	0.02	0	0.1	-0.00210451	-0.00213921	0.00125221	2.98945	6.76916	-5
0.00797942	-0.0109613	-0.000251295	3.33492	0.542325	0.0156107	-0.00111638	-0.1	21.0365	1.81537	-5
0.00660536	-0.010736	-0.000985944	3.37988	0.699615	-0.0191804	-0.0138423	-0.1	19.6172	0.322204	-5
0.00557904	-0.00998731	-0.00340447	3.77088	0.0690002	0.0142075	-0.00641186	-0.1	20.2841	1.79304	-5
0.00660253	-0.0131677	-0.00208003	3.56368	1.40912	-0.000298184	-0.0119483	-0.1	20.2274	0.749154	-5
0.00848962	-0.0136593	-0.00134035	3.54	0.849843	0.017445	-0.00384405	-0.1	19.8662	2.53206	-5
0.00718901	-0.0104315	-0.000627464	3.50827	0.445953	0.00951032	-0.0113815	-0.1	20.2298	0.570848	-5
0.00583812	-0.0100743	-0.00121592	3.54507	0.458	0.00962318	-0.00343946	-0.1	19.8684	1.58555	-5
0.00824541	-0.0119606	0.00111143	3.35781	0.1151	0.00198817	-0.0164279	-0.1	20.1362	2.85247	-5
0.00787837	-0.0100858	-0.00165525	3.62863	0.458	0.0136839	-0.00277714	-0.1	20.0012	1.30867	-5
0.00720794	-0.00998963	-0.00319005	3.52382	0.0200443	0.00836692	-0.0114151	-0.1	19.524	1.37248	-5
0.00606359	-0.010566	-0.00301859	3.52097	2.29337	0.00302036	-0.00799574	-0.1	19.8303	2.18247	-5
0.00587293	-0.0100379	-0.000834429	3.53681	0.0838897	0.00589622	-0.00397818	-0.1	19.1322	3.26323	-5
0.00761641	-0.0115526	-0.00155952	3.40455	0.814238	-0.0102584	0.00389438	-0.1	19.4917	2.64437	-5
0.00761311	-0.0106379	-0.00209366	3.41891	0.155212	-0.0148254	-0.00573796	-0.1	20.1228	2.29188	-5
0.00760734	-0.0105273	-0.00167107	3.51268	0.489543	-0.000500024	-0.00491188	-0.1	17.2982	2.27949	-5
0.00778564	-0.0100306	0.000973324	3.27296	0.203	0.00247567	-0.00864233	-0.1	19.5371	2.97609	-5
0.00710355	-0.0107033	0.000299008	3.4405	1.52489	0.00385774	-0.00886449	-0.00299999	4.21962	2.14407	-5
0.00380487	-0.0143911	-0.0033783	3.94931	1.0037	0.00307674	-0.0167986	-0.003	4.08897	1.10819	-5
0.00801452	-0.0105925	0.000195045	3.32257	0.196833	0.00365777	-0.0144801	-0.003	3.98013	7.53797	-5
0.00747421	-0.0105357	0.000915719	3.29858	2.82653	0.00927996	-0.00834307	-0.003	4.07837	9.78495	-5
0.00787673	-0.0105025	0.00242195	3.22322	0.287	0.000195607	-0.0131201	-0.003	5.00239	0.0973276	-5
0.00582865	-0.0101307	-0.00165608	3.57909	0.694234	0.00255369	-0.0092117	-0.003	4.35594	2.3118	-5
0.00770373	-0.0106975	0.00122722	3.29425	1.36124	0.00483753	-0.00875928	-0.00296338	3.8805	8.60444	-5
0.00669988	-0.0132621	-0.00246445	3.61607	0.203	0.002249	-0.0129595	-0.003	3.88423	8.8275	-5
0.00767177	-0.0105707	-0.00128979	3.50739	0.287	0.0111383	-0.00930618	-0.00299999	4.16745	1.12708	-5
0.0101919	-0.010745	-0.00320446	3.70008	0.119981	0.0113164	-0.0114964	-0.003	3.77533	4.65042	-5
0.00636517	-0.0108004	-0.00140801	3.40191	0.60562	0.0049646	-0.00831954	-0.003	3.7701	4.35114	-5
0.00714414	-0.0105966	-0.000120068	3.46617	0.718617	0.00955968	-0.00958035	-0.0025	3.82867	8.50912	-5
0.00851393	-0.0102199	-0.00224676	3.58292	1.5248	0.00842566	-0.00838705	-0.00299241	3.68743	18.1437	-5
0.00880654	-0.00898674	-0.00285161	3.65455	0.314	0.00882682	-0.00856588	-0.00280655	3.68263	12.2585	-5
0.00888209	-0.00970008	-0.00246464	3.63769	0.0205577	0.0091774	-0.00943105	-0.00240835	3.64672	6.59361	-5
0.00582847	-0.00970017	-0.0012171	3.54253	1.09925	0.00656787	-0.00875078	-0.00225286	3.65523	10.0062	-5
0.00813607	-0.0110177	-0.00131852	3.39654	0.292	0.0080698	-0.00822743	-0.003	3.59858	7.24402	-5
0.00798406	-0.0103582	0.00196062	3.24926	0.203	0.00556654	-0.00948989	-0.00124817	3.56206	7.73491	-5
0.00818079	-0.0111172	0.00365297	3.13317	0.292	0.00973377	-0.0130412	-0.000958763	3.54059	13.0549	-5
0.00509498	-0.00683946	0.02	0	0.1	0.00785118	-0.00946034	0.00074172	3.31242	8.45539	-5
0.000779653	-0.000915109	-0.000829792	3.03739	0.438	0.00404588	-0.0145049	-0.1	20.9898	1.07955	-5
0.000577209	-0.00092091	-0.00212654	3.14905	0.127	-0.0133772	-0.0151813	-0.1	18.4526	3.08673	-5
0.000976922	-0.000584804	0.00118449	2.94385	0.443723	0.00593882	0.0108545	-0.1	19.6767	0.945688	-5
-0.00213088	4.90024e-05	-0.00406723	3.42955	0.287	-0.00861778	-0.023364	-0.1	19.1288	1.45288	-5
3.76386e-05	-0.00106896	0.000244909	3.03236	2.46947	0.0135854	0.00151741	-0.1	19.7788	0.763119	-5
0.00107909	-0.000628815	0.000699668	2.95296	0.127	0.000595965	0.0132132	-0.1	19.7098	2.376	-5
0.00303459	0.00040395	-0.00311788	3.34136	0.918599	0.00715544	-0.00360296	-0.1	19.4614	1.35328	-5
0.00114392	-0.000385426	5.23997e-05	3.0041	0.0880003	-0.00300776	-0.00655829	-0.003	4.43682	1.65148	-5
0.000745372	-0.00202844	-0.00222665	3.11997	2.07407	0.00421024	-0.00374913	-0.003	3.74652	1.63153	-5
0.00254	0.000351941	-0.00260173	3.33062	0.569146	0.0041719	0.00218973	-0.003	3.66903	1.36456	-5
0.000853357	-0.000351464	0.00166708	2.92262	0.0826895	0.00429983	0.000499316	-0.00299999	3.54804	6.69933	-5
0.00304206	-0.00244104	-0.00311665	3.36804	0.044384	0.0031329	-0.00248695	-0.0029623	3.37823	5.57108	-5
0.00131043	-0.000156176	-0.000571414	3.15378	2.05482	0.00308598	-0.00265444	-0.003	3.3873	15.7421	-5
0.00258582	-0.00210019	-0.00308591	3.31289	0.528	0.00341034	-0.00257117	-0.003	3.34408	4.17734	-5
0.0026851	-0.00164557	-0.00260003	3.28203	0.299557	0.00297574	-0.00267301	-0.00280252	3.35467	10.7788	-5
0.000623388	-0.00160071	-0.00139452	3.08593	0.237	0.00245966	-0.00345083	-0.003	3.36462	6.14875	-5
0.00246262	-0.00140894	-0.00226293	3.27038	0.122373	0.00228207	-0.00261566	-0.00242802	3.3547	4.91582	-5
0.00220881	-0.00164073	-0.00186997	3.26307	1.18569	0.00267121	-0.0019844	-0.00206916	3.30076	5.24753	-5
0.00171494	-0.0015602	-0.00137351	3.20071	1.00323	0.0022188	-0.0025517	-0.00220353	3.31687	10.6155	-5
0.00381053	-0.00445894	0.02	0	0.1	0.00158995	-0.00287153	-0.00195574	3.31848	4.79545	-5
0.00164732	0.00267824	0.02	0	0.1	-0.000614242	-0.00783139	-0.1	18.0045	2.00638	-5
-0.000363413	0.00114791	0.000157169	2.89676	0.709344	-0.00257533	0.00317941	-0.003	3.32658	6.08502	-5
-0.00207224	-0.00126386	0.00268087	2.77576	0.458	-0.00425033	-0.0017697	-0.003	3.74051	4.08729	-5
-0.00137725	-0.000586198	-0.0029152	3.29327	0.528	-0.00332558	-0.00222862	-0.003	3.60057	5.81638	-5
-0.00231142	-0.0013704	0.00200733	2.82319	1.30611	-0.00192495	-0.00196578	0.000628472	2.96671	6.90878	-5
-0.00474126	-0.0017598	0.02	-0.00587444	0.02	0	0.1	-0.0112417	0.000787665	0.000921572	3.19271	11.5927	-5
-0.0111777	0.000652272	0.00135691	3.12635	1.3897	-0.0111716	0.0007578	0.00107016	3.14886	11.9418	-5
-0.011338	0.000239833	0.0025959	3.09055	1.884	-0.0111112	0.00082354	0.00125963	3.13925	5.41718	-5
0.00075447	9.09337e-05	0.00192043	2.37619	2.06778	-0.0160955	0.00688667	-0.1	19.5132	2.00258	-5
-0.00124563	0.00109121	-0.00186739	2.6966	1.11354	0.00245363	-0.00581397	-0.1	20.0697	2.56201	-5
-0.000250349	0.00083403	-0.000389273	2.63012	1.41667	-0.000566631	0.00624396	-0.00299999	3.42799	2.52163	-5
-0.00106683	0.00151098	-0.00299177	2.7763	0.377	-0.00364719	0.00246139	-0.003	3.19195	3.86216	-5
-0.00311353	0.00224763	-0.00296311	2.95569	0.85914	-0.00316732	0.00244296	-0.0029643	2.96461	6.82629	-5
0.00532268	0.000555629	0.02	0	0.1	-0.00317593	0.00243176	-0.00296662	2.95731	1.73761	-5
-0.000752548	0.000937917	0.00156701	2.84549	0.287	0.0034594	0.000682155	-0.1	19.5477	1.17172	-5
-0.000750889	0.0014255	-0.000680139	3.09444	0.995157	-0.0129246	0.0163085	-0.1	21.2313	2.54785	-5
0.000296161	0.0011051	-0.00188826	3.19226	0.203	-0.000583823	0.00483669	-0.003	3.49791	3.36128	-5
0.00100205	0.00353094	0.02	0	0.1	0.000874229	0.00274668	-0.000956129	3.03548	4.15835	-5
-0.000765062	0.00129452	0.00210859	2.82212	0.0880003	-0.00127082	0.00227211	0.000258532	2.96395	3.35897	-5
-0.000321368	0.000279059	-0.00320578	4.20185	0.203	0.00435105	-0.00183492	-0.1	20.5159	1.38708	-5
0.000636635	-0.000752801	-0.00247696	3.97429	0.169653	0.0114081	0.00574008	-0.1	20.4723	2.41538	-5
-0.000253665	-0.00159537	0.00138884	3.7176	0.292	0.0132106	0.00657182	-0.1	20.5175	0.587483	-5
1.29837e-05	-0.000987628	0.0031675	3.61107	0.287	-0.00109974	-0.00796878	-0.1	21.3994	1.47635	-5
-0.00112789	-8.59159e-06	-0.00380542	3.99331	0.48347	0.00566649	0.0093806	-0.1	21.5394	1.35751	-5
1.0274e-05	-0.00046592	-0.00062794	3.83934	0.292	0.00218608	-0.0124967	-0.1	19.5001	1.89803	-5
-0.000798005	-0.000888481	-0.00153745	3.86578	1.598	0.00903264	0.0029464	-0.1	19.5764	2.27091	-5
0.000141769	-0.000751342	-0.0022619	3.96515	0.323	0.0250514	0.00651028	-0.1	20.3604	2.06222	-5
-0.000901944	-0.000379877	-0.00104524	3.84414	1.48572	0.00378472	-0.0103313	-0.1	19.9685	0.939333	-5
-1.18018e-05	0.00020276	-0.00241237	4.0058	0.287	-0.00884624	-0.00523218	-0.1	20.5987	2.49079	-5
0.000434561	-0.000587286	-0.000668689	3.80062	1.44724	0.00243443	-0.016698	-0.1	20.7917	2.72698	-5
0.000187907	-0.00126277	-0.0010218	3.91346	0.0880003	-0.00736437	-0.00704424	-0.1	20.1907	2.46965	-5
0.00588784	-0.00124321	0.02	0	0.1	0.020095	0.00205949	-0.1	18.4012	0.881045	-5
0.00145728	-0.00252394	-0.00344548	4.03908	0.764291	0.00653322	-0.00733117	-0.1	20.0176	0.301346	-5
0.00180961	-0.00236824	-0.00323993	3.94825	1.74487	0.0135294	-0.0168242	-0.1	20.3917	2.71826	-5
0.000125522	-0.000950222	-0.00238029	4.02326	1.04374	2.39099e-05	-0.0100473	-0.1	19.3135	2.82915	-5
0.000356662	-0.00106085	-0.00256525	4.01764	3.1662	-0.00272055	-0.00155015	-0.1	20.3073	1.46459	-5
0.000728322	-0.000274044	0.000541658	3.73276	0.794175	0.0161321	-0.013797	-0.1	20.6404	2.72146	-5
-0.000686282	-0.000795839	-0.00303353	3.95847	0.438	-0.0115917	-0.00345054	-0.1	19.8126	1.39806	-5
0.000270396	-0.000676299	0.00165369	3.65969	0.224799	0.0292518	-0.00392622	-0.1	20.3598	2.91583	-5
0.000366286	-0.000558385	-0.000220813	3.8157	1.3763	0.0043178	0.00316723	-0.003	5.17736	1.8604	-5
-0.0028127	-0.00338641	-0.00303813	4.40497	0.203	-0.00284743	-0.00334533	-0.003	4.40744	0.236243	-5
0.00134435	-0.00166597	-0.00329291	4.10482	0.324473	0.00159047	-0.0037497	-0.003	4.48956	9.02946	-5
-0.000175757	-0.000803115	-0.00160742	3.89652	0.203	-0.00257042	-0.00341786	-0.003	4.41339	0.710596	-5
-0.000432497	-0.00153754	-0.00321188	4.16107	0.149525	-0.000707421	-0.00417528	-0.00299999	4.58961	0.657521	-5
-0.00049008	-0.000127646	-0.0011107	3.90107	0.162008	0.00406508	-0.000819458	-0.003	4.60516	4.53084	-5
9.29322e-05	-0.000735413	-0.00197674	3.98741	0.298825	0.00095493	-0.00415363	-0.00299999	4.66089	6.09896	-5
0.000223615	-0.000546951	0.00117763	3.66486	0.375655	-0.000456973	-0.00427204	-0.003	4.54422	3.745	-5
-1.09957e-05	-0.00123543	-0.00138906	3.94935	0.301138	-0.00137729	-0.00763646	-0.003	5.3352	0.248045	-5
0.0012983	-0.00067001	-1.10226e-05	3.75822	1.91711	0.0032068	-0.0023909	-0.00295717	4.34602	14.6639	-5
-0.00063803	-0.00011861	-0.00170035	3.94842	0.0880003	-0.00384363	-0.00555929	-0.003	4.88906	0.295217	-5
0.00180262	-0.00194549	-0.00194539	3.88012	0.528134	0.00258569	-0.00305192	-0.00286228	4.15799	8.34046	-5
0.00215696	-0.000918954	-0.00298667	4.08643	2.11161	0.00569972	-0.00314246	-0.003	4.71336	1.00997	-5
-0.000243699	-0.000387789	-0.00253575	3.91945	0.301586	-0.00309762	-0.00253076	-0.00295671	4.519	8.44577	-5
0.00115321	-0.00127086	-0.000764054	3.80638	0.725579	0.00382161	-0.00317008	-0.00299999	4.42065	0.244498	-5
0.00134489	-0.00137663	-0.00119938	3.83284	0.135497	0.00108077	-0.00385123	-0.00295078	4.17609	10.0811	-5
-0.00388326	-0.000107313	-0.00280439	4.097	0.536427	-0.00399883	-9.69756e-05	-0.00276519	4.09867	3.10981	-5
-0.000808198	-6.65743e-05	-0.00226283	3.97719	0.438	-0.00399948	-6.47625e-05	-0.0027223	4.09929	1.25034	-5
-0.00374847	-0.000193295	-0.00270372	4.09444	2.11017	-0.00389529	-2.20967e-05	-0.00249999	4.10086	4.45875	-5
0.00298009	-0.00243945	-0.0027269	3.99491	1.0826	0.00304886	-0.0025893	-0.00273803	3.99712	10.0257	-5
0.00173173	-0.00202964	-0.00252374	3.90903	0.617756	0.0031723	-0.0024365	-0.00282851	3.99915	9.51913	-5
-0.000246693	-0.00197723	0.000179478	3.76107	1.95124	-0.000907325	-0.00284017	-0.00120392	3.92398	10.5623	-5
-0.000351995	-0.0019016	-0.00191718	3.1812	0.935621	0.00402452	-0.00534057	-0.1	20.0471	2.33349	-5
-0.00254277	-0.000911964	0.02	0	0.1	0.000499223	-0.0105179	-0.1	18.4223	1.81206	-5
-0.0129452	-0.000262842	0.000711431	2.73435	0.327995	-0.0101594	-0.0142977	-0.1	19.9998	0.487973	-5
-0.0123932	0.000388096	0.00207194	2.67396	0.5363	-0.0192751	-0.00281039	-0.1	18.1915	1.68783	-5
-0.0137377	0.000353739	-0.00158915	3.07418	0.465331	-0.00714757	-0.00779602	-0.1	19.0429	1.56961	-5
-0.0130932	0.000667718	4.64114e-05	2.92604	0.0690002	-0.0119349	0.00276083	-0.0023693	3.14366	3.77554	-5
-0.00614188	0.00302528	0.02	0	0.1	-0.00991854	0.000804352	-0.003	3.20182	10.7172	-5
-0.0124073	0.000297651	0.00157847	2.69613	0.0880003	-0.00977679	-0.00144583	-0.00299999	3.168	3.04348	-5
-0.010478	-0.000593088	-0.00308421	3.12682	0.554183	-0.0101466	-0.00107286	-0.00297558	3.14065	4.54116	-5
-0.000857541	0.000104939	-0.00230948	5.7522	1.53277	0.00674193	-0.00282403	-0.1	22.0037	1.76934	-5
-0.00104464	-0.000100896	-0.0018246	5.72006	0.0789511	0.0188161	-0.0102952	-0.1	22.253	1.33365	-5
-0.000912816	-0.000796701	-0.000554823	5.64331	0.814233	-0.0114583	0.0134759	-0.1	22.8209	1.63475	-5
-0.000495357	-0.00196686	-0.00184601	5.76407	0.203	0.00190135	-0.0114581	-0.1	22.5631	1.41056	-5
-0.000874416	8.57118e-05	-0.000980663	5.67321	0.127	-0.0018782	0.00689883	-0.00299999	6.90145	0.270958	-5
-0.000480132	-0.00253316	-0.00315917	5.87187	0.305068	0.00388868	-0.00551348	-0.003	6.54595	0.204646	-5
-0.00044529	-0.00304909	-0.0035392	5.90539	1.083	-0.00166945	-0.00363497	-0.00278623	6.01451	12.7349	-5
-0.00379699	-0.00368198	0.02	0	0.1	1.60822e-05	-0.00399997	-0.00296787	5.93545	3.41481	-5
-0.00217795	-0.00151408	0.00322805	5.39336	1.414	-0.000484068	-0.0028308	0.000929696	5.73299	3.2924	-5
0.00628215	-0.00273909	0.02	0	0.1	0.00804753	-0.00982791	6.01996e-05	2.70228	9.681	-5
0.00162796	0.00103809	-0.000953605	3.11304	1.83399	-0.0185854	0.00618874	-0.1	19.0471	2.53426	-5
0.000879083	0.00215716	0.02	0	0.1	-0.00190049	0.00351968	-0.00297375	3.52855	11.2252	-5
0.00141175	0.000664514	-0.00135688	3.12821	0.127	0.00451477	0.00130496	-0.003	4.02082	1.296	-5
0.00105462	0.00135204	-0.0017121	3.13746	0.612864	0.00370553	0.00150635	-0.00271207	3.41894	6.72109	-5
0.00118549	0.00131794	-0.00186817	3.16188	0.528	0.00164496	0.0036461	-0.00299243	3.34566	11.2776	-5
-0.00185731	-0.00158168	0.00160364	3.04252	0.0200161	0.00507898	-0.015506	-0.1	19.6687	0.758148	-5
-0.00158738	-0.000584054	-0.00151785	3.19531	0.0880003	-0.0016455	-0.00764575	-0.1	17.5791	1.86153	-5
-0.00121152	-0.000938779	-0.0010877	3.17316	0	0.1	-0.00232707	-0.00165397	0.000887506	2.97018	9.49844	-5
-0.00226875	-0.00153111	0.00163578	2.83518	0.127	-0.00229531	-0.00195395	0.00128596	2.84539	12.3672	-5
-0.000196447	-0.00190291	0.00355618	3.60785	0.458	-0.0171063	0.0027205	-0.1	20.9297	0.437247	-5
0.000214999	-0.00249571	-0.00301811	4.02719	0.0880003	0.00211295	0.011239	-0.1	20.654	2.66645	-5
0.000806733	-9.99602e-05	-0.00230677	3.99058	0.529629	0.0153037	-0.00526539	-0.1	20.3772	1.57683	-5
0.00026671	-0.00325234	-0.0027762	4.04667	0.203	-0.0143626	-0.00875611	-0.1	20.3111	0.671317	-5
-0.00165151	-0.000915402	-0.00222774	4.08495	4.03049	0.00327903	-0.0182782	-0.1	20.2246	0.965345	-5
-0.000167247	-0.00196354	-0.00111002	3.95937	0.872591	0.00314136	-0.00271391	-0.1	20.4763	3.99227	-5
0.000890029	-0.000902671	-0.000634112	3.88657	1.72739	-0.0123389	-0.0149261	-0.1	21.7758	1.89843	-5
0.00408023	-0.00618852	0.02	0	0.1	-0.000266499	0.0193382	-0.1	20.8931	1.08413	-5
0.000762967	-0.00208065	-0.00170975	3.95629	0.127	-0.00822433	0.00127414	-0.1	20.7719	0.829769	-5
0.000799575	-0.00246934	0.00146805	3.75416	0.486781	-0.0157169	-0.0222383	-0.1	18.618	1.11133	-5
0.000302672	-0.0023112	-0.00246131	3.99113	0.0950963	0.000162306	-0.00160196	-0.1	19.7834	2.20593	-5
0.000864446	-0.00229144	0.00062027	3.80225	1.87926	0.00448149	-0.00273906	-0.003	4.50396	11.1966	-5
0.00023096	-0.000698432	0.00104718	3.72998	0.688268	-0.00237396	-0.00379368	-0.003	4.43847	3.18008	-5
0.000770227	-0.00152636	-0.00129613	3.94469	0.853331	0.0016724	-0.00424977	-0.003	4.38909	2.718	-5
0.000144104	-0.00213446	-0.000357491	3.86417	0.203	0.00368226	-0.00397559	-0.00299999	4.61128	2.86295	-5
0.00146822	-0.00149613	-0.00155922	3.96177	2.39577	-0.00270643	-0.00304714	-0.003	4.2865	3.82501	-5
0.00101369	-0.00212776	-0.00256641	3.9876	1.19839	0.00102675	-0.0050265	-0.003	4.47878	2.57831	-5
0.000685329	-0.00319957	-0.00321144	4.12373	0.962921	0.00090227	-0.00687235	-0.003	4.78472	0.280487	-5
0.000613489	-0.00241748	-0.00204947	3.99793	0.528	0.00196156	-0.00531549	-0.003	4.40849	2.64699	-5
0.000938642	-0.00289696	-0.00332074	4.08562	1.14234	0.000743603	-0.00526057	-0.003	4.32767	2.49022	-5
-0.00011468	-0.00206181	-0.00147243	3.96401	0.525968	-0.00148531	-0.00371401	-0.00278452	4.16066	2.35528	-5
-2.08107e-05	-0.00289128	-0.00357695	4.10257	0.127	0.000661428	-0.00394493	-0.00299837	4.19576	15.065	-5
0.000907739	-0.00201852	-0.00192255	3.98263	0.0690002	0.000570322	-0.00395913	-0.00294038	4.22134	16.9148	-5
0.000462532	-0.00381777	-0.00287272	4.16119	0.498901	0.00049612	-0.00396912	-0.00275002	4.16532	5.20663	-5
0.000725236	-0.00317108	-0.00240897	4.07846	0.106344	0.000399178	-0.00398003	-0.00278316	4.16421	4.36822	-5
-0.000486467	-0.00212346	-0.00185169	4.00844	1.32201	-0.00144705	-0.00371683	-0.0025	4.11521	12.0918	-5
-4.95731e-05	-0.00208949	-0.000837407	3.87877	0.127	0.00070707	-0.0047425	-0.003	4.2572	5.80798	-5
0.000247973	-0.00257563	-0.00273778	4.00109	2.01679	0.000177735	-0.00399605	-0.00267636	4.0693	16.0226	-5
-0.000311152	-0.00196974	-0.00194744	3.97138	0.438	1.57934e-05	-0.0015055	-0.00287637	4.07618	4.25711	-7
0.000224712	-0.000791159	0.00154474	3.69754	0.0880003	-0.000517905	5.73263e-05	-0.00364812	4.10112	8.37652	-7
0.000273208	-0.00139102	0.00232973	3.64214	0.252996	0.00186834	-0.00280765	-0.00218125	4.0912	7.39084	-5
-0.0012274	-0.0036819	0.02	0	0.1	-0.0126487	0.00325198	0.0025	3.31558	2.92067	-5
-0.000357393	0.00120143	-0.00109748	3.32335	0.0202654	0.0139937	-0.00918645	-0.1	19.4533	2.33054	-5
-0.00151053	-0.000532102	-0.00332429	3.48552	0.438	-0.000482751	0.0144788	-0.1	20.2453	0.20455	-5
0.000110803	0.000689047	-0.00185684	3.39223	0.53075	-0.0016224	0.0214411	-0.1	19.3461	2.7997	-5
7.2567e-05	0.000697047	-0.00287461	3.47215	1.21063	-0.0147207	0.00483944	-0.1	18.9241	3.24816	-5
-0.00111352	0.00117829	-0.00139848	3.32275	0.412596	-0.0129948	0.00187211	-0.1	19.4045	0.5444	-5
-9.27423e-05	0.00030915	0.000150486	3.20964	1.61121	-0.00315678	-0.00517366	-0.1	19.0368	1.24263	-5
-0.000238458	0.00136797	-0.00168939	3.34475	1.414	-0.00927757	-0.00298011	-0.1	21.0647	1.16993	-5
-0.000839765	0.0003227	0.000489719	3.19917	0.377	0.00548149	0.00676314	-0.1	19.7886	1.57145	-5
0.0062055	-0.00336158	0.02	0	0.1	0.00417691	-0.00859199	-0.1	20.5505	2.11458	-5
0.00196154	0.000692761	-0.00437765	3.72327	0.0880003	-0.0113544	0.00624179	-0.1	18.5606	0.963737	-5
-0.00160581	4.51927e-05	-0.00223493	3.42476	0.192573	-0.00583625	0.00143742	-0.003	4.20346	2.6614	-5
-0.00126049	0.000972942	0.000868735	3.20263	1.65954	2.95318e-05	0.0040343	-0.003	3.80886	13.1378	-5
-0.000605975	0.0014902	-0.0012848	3.39878	1.414	-0.00168701	0.00362684	-0.00282058	3.69938	9.622	-5
-0.000129842	0.0014751	-0.000817929	3.38533	2.78468	-0.00339067	0.00220827	-0.003	3.74759	15.6878	-5
-0.00217988	0.00323717	-0.00259842	3.63762	0.611046	-0.0021671	0.0033621	-0.00262739	3.63936	9.30522	-5
-0.00105931	0.00157018	-0.00242009	3.49769	1.4042	-0.00225114	0.00330642	-0.00266783	3.64254	7.78904	-5
-0.000869574	0.00212432	-0.00250271	3.54805	0.0217757	-0.00145634	0.00372546	-0.00294946	3.67675	10.0814	-5
-0.000605586	0.00202206	-0.00187811	3.52141	1.083	0.000428246	0.00399091	-0.003	3.74816	11.0333	-5
-8.74292e-05	0.00121331	-0.000224643	3.2976	0.0237268	-0.00199776	0.00378558	-0.00299999	3.65411	3.44607	-5
-0.000962941	0.00310822	-0.00277786	3.58292	1.414	-0.000614823	0.00388239	-0.0025	3.6219	6.1392	-5
-0.000565878	0.000720006	0.00139519	3.17169	1.93613	-0.000533408	0.00453563	-0.003	3.59269	6.83438	-5
-0.000755712	0.000546731	0.000932816	3.18247	0.892364	-0.00270205	0.00284587	-0.0025	3.45046	15.4464	-5
-0.00263697	0.00153842	-0.00237055	3.36084	0.95482	-0.00287916	0.00197389	-0.00247705	3.36839	10.9751	-5
-0.00215758	0.00160313	-0.0012389	3.33343	0.203	-0.00231082	0.00213502	-0.00161536	3.35978	10.0551	-5
-0.00545514	0.00976713	-0.00358666	3.18639	1.59	-0.0154838	-0.0162839	-0.1	19.1731	0.315044	-5
-0.00631195	0.0106975	-0.0010132	2.95524	0.292	-0.0118028	0.0156466	-0.1	18.4436	1.47979	-5
-0.0049021	0.00556659	0.02	0	0.1	-0.0155976	0.00733568	-0.1	18.3176	1.02791	-5
-0.00629236	0.0107157	0.00311797	2.53861	0.41021	0.0017363	0.0127577	-0.1	18.674	1.40955	-5
-0.0054742	0.0113618	-0.00168248	2.97407	0.279876	0.00143072	-0.00289567	-0.1	20.4297	1.79369	-5
-0.00643222	0.0109141	-0.000591512	2.91359	0.237	0.00136994	0.00923114	-0.1	20.4853	0.672805	-5
-0.00638105	0.0115224	0.000967518	2.80768	0.127	0.00833251	0.00107395	-0.1	19.0635	1.68778	-5
-0.00673155	0.0107264	-0.000122134	2.87839	0.168538	-0.0072937	0.010091	-0.1	18.4475	0.960522	-5
-0.00661535	0.011209	0.00233635	2.70206	0.264129	-0.0184302	0.00494241	-0.1	18.0939	0.161624	-5
-0.00615798	0.0105838	-0.00148533	2.96363	2.51147	-0.0098901	0.0120981	-0.1	18.2439	2.25502	-5
-0.00571751	0.0102505	-0.00231507	3.01807	1.246	-0.00637001	0.00552881	-0.003	3.61248	0.403717	-5
-0.0059405	0.0112314	-0.00236634	3.0021	2.06539	-0.00575205	0.00832401	-0.00297657	3.27149	12.9057	-5
-0.00639887	0.0106583	-0.00169584	2.97653	1.08938	-0.00406596	0.00934226	-0.003	3.1918	12.8145	-5
-0.00620575	0.0109995	-0.00212861	2.99362	0.458	-0.0041701	0.0103031	-0.00365211	3.23704	8.28353	-7
-0.00424827	0.0107293	-0.00208037	3.05113	0.438	-0.00359559	0.0100243	-0.00284326	3.14478	12.535	-5
-0.00556549	0.0112512	-0.00101187	3.08592	2.42022	-0.00563544	0.011151	-0.00119318	3.1089	8.86118	-7
-0.00374812	0.0106953	-0.00273134	3.08905	0.237	-0.00319184	0.0109004	-0.0027605	3.10781	0.602167	-5
-0.00637613	0.011728	-0.000303296	2.85054	2.43515	-0.00369043	0.011163	-0.00236597	3.08861	5.83946	-5
-0.00666323	0.0114072	0.0016948	2.75383	0.203	-0.00648534	0.0106821	-0.00187197	2.98173	8.14334	-7
0.0147854	0.000183622	0.000531201	3.97187	0.287	-0.000329953	-0.014221	-0.1	21.0532	1.61211	-5
0.00664258	-0.00245002	0.02	0	0.1	0.0165802	0.00110464	-0.1	20.9932	0.706612	-5
0.0148148	2.36186e-05	0.00160882	3.93964	1.95766	0.013405	0.00416075	-0.1	20.5839	2.10767	-5
0.0147924	-0.000240455	0.00102232	4.01106	0.96489	0.0269455	0.00814861	-0.1	19.702	0.452408	-5
0.0159728	-9.87569e-05	-0.00175989	4.13426	1.4064	0.0109678	0.0103684	-0.1	20.2331	0.39914	-5
0.016094	-0.000346454	-0.00300038	4.17784	0.974481	0.0292085	0.0092657	-0.1	19.7282	2.55197	-5
0.0154808	3.86312e-05	0.287	-0.00692568	0.00481812	-0.1	19.8518	1.20386	-5
-0.00119868	-0.000879318	-0.000691348	3.16235	1.884	0.0128136	-0.0111619	-0.1	20.3701	1.10469	-5
-0.000712329	-0.00102615	-0.00160474	3.19748	1.80623	-0.0120916	-0.00821223	-0.1	18.2697	0.938613	-5
-0.00344294	-0.00184632	-0.0031279	3.63701	1.70218	-0.00371173	-0.00196988	-0.00299999	3.69237	7.19424	-5
-0.000779077	-0.00147981	0.000407502	3.11568	0.0690002	-0.00369761	-0.00152567	-0.00296115	3.64441	11.5281	-5
-0.00250061	-0.000108727	-0.00282953	3.3659	0.383643	-0.00380462	0.000463542	-0.0025	3.54799	4.89561	-5
0.00085507	-0.00222567	-0.00198656	3.36953	1.41	-0.000115073	-0.00616506	-0.003	3.74899	2.65634	-5
-0.00207771	-0.000828157	-0.00228292	3.24572	0.519222	-0.00508043	-0.004038	-0.003	3.76031	1.60284	-5
0.00154584	-0.00330872	-0.00306036	3.49427	0.330096	0.00175494	-0.00359447	-0.00290547	3.50685	14.3647	-5
-0.00065822	-0.0014223	-0.00204158	3.20939	0.282891	-0.00122875	-0.00589165	-0.003	4.31025	0.173234	-5
0.000141405	-0.00262734	-0.0008925	3.26296	0.46	0.00127494	-0.00379138	-0.00263274	3.51652	9.04118	-5
-0.00240655	-0.00133229	-0.00244553	3.42598	1.228	-0.00311589	-0.00160397	-0.0025	3.45553	18.1344	-5
-0.00222326	-0.000816953	-0.00222657	3.27754	1.55154	-0.00401029	0.000631045	-0.00299999	3.45654	13.9953	-5
-0.00156502	-0.00129547	0.000949855	3.08003	1.884	-0.00297628	0.00174489	-0.00237503	3.44684	12.1045	-5
-0.00271281	-0.0018154	-0.00282413	3.27377	0.104464	-0.00320189	-0.00244984	-0.003	3.38934	8.45052	-5
-0.00103717	-0.00141535	-0.000160967	3.1231	0.944667	-0.00372868	-0.00144809	-0.00273837	3.37132	6.08514	-5
-0.00255211	0.000505686	-0.00260792	3.32316	1.4551	-0.00316766	0.00126502	-0.00227715	3.35496	8.69042	-5
-0.00227778	-0.000286099	-0.00177953	3.2231	0.438	-0.0032178	-0.00369568	-0.003	3.45247	2.17221	-5
0.00011685	-0.00282407	-0.00143464	3.28649	0.690242	-0.000408691	-0.00316762	-0.00173473	3.31472	2.98571	-5
-0.00206035	-0.00188368	0.0021216	2.98687	0.105629	0.000259625	-0.00308422	-0.00148789	3.29396	5.89328	-5
-0.00312272	-0.00251532	0.02	0	0.1	-0.0019928	-0.00210011	0.00098772	3.11083	6.87901	-5
-0.00683791	0.0022108	0.02	0	0.1	-0.00312266	-0.00113421	0.00205561	2.70713	14.2744	-5
0.0138321	0.000692128	-0.000928991	3.29289	0.69016	0.0161232	0.00976614	-0.1	20.2504	1.881	-5
0.0118869	0.000159483	-0.00232938	3.25109	0.0291065	0.00527367	0.00396659	-0.1	19.7093	2.05185	-5
0.0128048	0.000861543	0.0017926	3.03181	0.33638	0.0156326	-0.0164624	-0.1	20.9361	0.398479	-5
0.0141498	0.000951007	-0.000907805	3.28748	0.846876	0.0129501	0.00258749	-0.1	19.1575	2.30281	-5
0.0123997	0.000558308	-0.00231632	3.24914	0.438	0.0181704	-0.00823437	-0.1	19.5616	2.09035	-5
0.0116694	0.00101616	-0.00250635	3.29187	0.203	0.000136975	-0.00541913	-0.1	18.9677	2.75921	-5
0.0119265	0.00071758	-0.00135787	3.21147	0.292	0.00608501	-0.00138698	-0.1	19.2836	3.18189	-5
0.0121891	0.000545472	-0.00182169	3.23861	0.168915	0.00874469	0.00454041	-0.003	4.44912	0.612052	-5
0.0101027	0.000332068	-0.0027906	3.66825	0.285572	0.010012	0.000309318	-0.00283632	3.66989	4.39214	-5
0.0127499	0.000554387	0.00010762	3.13867	0.21463	0.0100452	0.000599335	-0.00283236	3.67278	6.62576	-5
0.0141105	0.00103662	0.000210388	3.245	0.29216	0.0162754	0.00270817	-0.0025	3.61138	2.23047	-5
0.00220833	0.000947821	0.02	0	0.1	0.0117275	0.00357294	-0.00299999	3.52964	9.42242	-5
0.0111848	0.00214294	-0.00306872	3.39646	0.377	0.0109181	0.00257143	-0.003	3.41809	17.7962	-5
0.011748	0.00137168	-0.00311256	3.33208	1.23495	0.0106736	0.00222148	-0.00291035	3.41448	2.85046	-5
0.0138049	0.000549781	-0.000491579	3.27449	0.438	0.0126487	0.0031189	-0.00224746	3.48803	4.56092	-5
0.0126138	0.000318761	-0.000643509	3.1894	1.884	0.0100714	-0.000752613	-0.00286919	3.44885	16.4013	-5
0.0119585	0.000912871	-0.000636557	3.18719	0.887774	0.0112934	0.00116442	-0.00111598	3.23194	3.15154	-5
0.006038	-0.00160366	0.02	0	0.1	0.020955	-0.00923722	-0.1	21.0348	1.12742	-5
0.00355515	-0.00995144	-0.0030493	4.03299	0.0880003	0.00356038	-0.00994545	-0.003	4.03466	0.0880003	-5
0.00392478	-0.0125493	-0.00191992	3.64065	3.14638	0.00356921	-0.00991361	-0.003	4.03362	4.37001	-5
0.00487937	-0.0127039	-0.00170233	3.62899	0.0698489	0.00321436	-0.0134162	-0.00280694	3.79718	11.445	-5
0.00470903	-0.0123547	0.000481748	3.48054	0.127	0.00419889	-0.0143178	-0.0025	3.74376	6.72371	-5
0.00482314	-0.0125951	-0.00123008	3.60645	0.683046	0.00354448	-0.0125673	-0.00245947	3.66288	2.73257	-5
0.00375233	-0.0125787	-0.002146	3.64439	0.173095	0.00364687	-0.0127082	-0.00225881	3.64734	5.83303	-5
0.00464417	-0.0127734	-0.000690889	3.58347	0.169198	0.00392843	-0.0132521	-0.00193009	3.68061	11.6298	-5
0.00668579	-0.0110444	-0.000783248	3.60661	0.0880003	0.00754808	-0.0087951	-0.00218523	3.76268	11.4736	-5
0.00499817	-0.0127567	-7.16106e-05	3.56252	0.127	0.00443511	-0.0127313	-0.000339307	3.59662	6.66358	-5
0.00487297	-0.0119122	0.00220647	3.36807	0.292	0.00449879	-0.0118504	4.0525e-05	3.57065	3.33169	-5
0.00432626	-0.0118956	0.00116216	3.4174	0.25696	0.00431245	-0.0118809	0.000496383	3.42618	19.3653	-5
0.00581012	0.00053919	0.02	0	0.1	0.00113351	-0.00243738	0.000470272	3.48536	10.0712	-5
-0.00628258	0.0123194	-0.00317085	3.49695	0.528	-0.0174922	0.0220686	-0.1	19.5505	1.87904	-5
-0.00802055	0.0111934	0.00129258	2.97848	0.528	-0.00457946	0.0118933	-0.1	17.1968	1.09111	-5
-0.00733715	0.0114073	-0.000479134	3.08793	1.083	-0.0034479	0.0200287	-0.1	18.7594	1.75786	-5
-0.00759959	0.0109888	-2.34239e-05	3.06782	0.361623	-0.0153709	0.0145245	-0.1	19.4968	1.56268	-5
-0.00844524	0.00971651	-0.00295447	3.23329	2.57143	-0.00678053	0.00549633	-0.1	19.825	2.15028	-5
-0.00738668	0.0107277	-0.00064496	3.09385	0.424604	0.00187914	0.00124496	-0.1	19.585	0.880538	-5
-0.00708856	0.0117785	-0.00294872	3.33711	0.438	-0.00184262	0.005067	-0.1	19.6462	2.29854	-5
-0.00793847	0.0112192	0.00083851	2.99032	0.203	-0.0234939	0.00932266	-0.1	18.5675	3.03111	-5
-0.00803481	0.0108448	0.00072084	3.00903	0.377	-0.00915307	0.018044	-0.1	19.9038	1.42706	-5
-0.0079742	0.0116371	-0.00179035	3.20346	0.203	-0.0119564	0.00949184	-0.003	3.68749	3.02299	-5
-0.0079792	0.0119049	-0.00124492	3.19142	0.115016	-0.0112891	0.0101902	-0.003	3.67111	3.91855	-5
-0.00825329	0.0108759	7.0917e-05	3.0263	4.48671	-0.0107401	0.00954011	-0.003	3.54683	2.98421	-5
-0.00750333	0.0116582	-0.0010134	3.1593	0.164071	-0.00954111	0.0123827	-0.00276853	3.37018	8.39651	-7
-0.00847618	0.0101144	-0.00129706	3.1403	0.127	-0.00820826	0.00789944	-0.003	3.506	7.62698	-5
-0.00893376	0.00974162	-0.00328637	3.26156	0.203	-0.0100298	0.00910872	-0.00299999	3.47419	5.20455	-5
-0.00820373	0.00972792	-0.00177963	3.19106	1.43604	-0.00823008	0.0091592	-0.00177563	3.20572	6.11126	-5
-0.00507809	0.00490088	0.02	0	0.1	-0.00873634	0.0102187	0.000195015	3.18344	2.61321	-5
0.00513204	-0.0102083	0.000884149	3.21963	0.112271	0.00517035	-0.00998049	0.000796181	3.22709	2.75619	-5
0.00312632	-0.00599793	0.02	0	0.1	0.00481449	-0.010352	0.000784659	3.23052	6.61527	-5
0.00163582	-0.000588324	-0.00179759	3.19147	1.48277	0.0123551	0.0112414	-0.1	20.154	0.978755	-5
0.00141102	-0.00070362	-0.000788513	3.02013	0.237	-0.00200345	-0.0090202	-0.1	20.2807	2.52729	-5
0.00146808	-0.000514192	-0.00274485	3.24637	0.0880003	-0.00769844	-0.0140529	-0.1	19.5233	1.06531	-5
0.00109731	-0.000298547	-0.00227865	3.22742	0.241173	0.0181487	0.00532306	-0.1	19.4656	0.74465	-5
0.00333763	-0.00193986	0.02	0	0.1	0.0100171	-0.00563119	-0.1	19.6884	1.91886	-5
0.00143109	-0.000817814	-0.0023924	3.23035	0.267024	0.01445	-0.00459037	-0.1	19.3316	2.4274	-5
0.0011842	-8.4336e-05	-0.00109271	3.16092	1.02078	0.00283626	-0.0119444	-0.1	19.0835	1.49539	-5
0.00116136	-0.000837258	0.00148692	2.85612	0.835287	-0.00240136	0.00626031	-0.1	19.2837	0.201243	-5
0.0014831	-0.000168553	-0.00341035	3.29686	0.120072	0.00687868	0.000796764	-0.003	4.23738	0.336078	-5
0.00152407	-0.000663729	-0.00134445	3.04972	1.884	0.00340839	-0.00283882	-0.003	3.62923	2.16525	-5
0.0015167	-0.00112018	-0.00178588	3.05621	0.619568	0.00406124	-0.00442766	-0.003	3.85606	1.76279	-5
0.00155288	-0.000781721	0.000524812	2.90974	0.391759	0.00471412	0.00339061	-0.003	3.89298	1.45548	-5
0.00198997	-0.00080073	-0.0022282	3.07702	0.314	0.00435688	-0.00290455	-0.00299999	3.52962	1.49226	-5
0.00285025	-0.00191874	-0.00359535	3.22609	0.223766	0.0034966	-0.0022583	-0.003	3.28194	1.0985	-5
0.00125447	-0.000810487	0.0011023	2.86373	0.389389	0.00271605	0.000435293	-0.000626844	3.07573	3.95993	-5
0.00132236	-0.000609313	0.000687428	2.87457	1.70193	0.00257698	-0.00138584	-0.00106522	3.01366	4.18022	-5
0.00189171	-0.000171691	-0.000997687	2.95226	2.44387	-0.0160113	-0.0119085	-0.1	20.4933	2.99468	-5
0.00237925	0.000392618	-0.00133623	2.96471	0.438	-0.00372379	0.00185296	-0.1	21.2483	0.471619	-5
0.00234895	0.000595169	0.00106746	2.80053	0.323	-0.00242092	-0.0120509	-0.1	18.6682	1.15576	-5
0.00041231	-0.00126077	0.02	0	0.1	0.00938596	-0.0109298	-0.1	20.9216	2.62097	-5
0.00187158	-0.000283401	-0.00152438	2.9662	0.992218	-0.00454019	0.000779824	-0.1	19.2023	0.705677	-5
0.00101434	-0.000565321	-0.00120606	2.96334	1.884	0.00141538	0.00934605	-0.1	19.5139	0.980426	-5
0.00211497	-0.000867315	-0.00227461	3.0319	0.414241	0.00822003	0.00494379	-0.1	17.7743	0.908918	-5
0.00268644	0.000811554	-0.00215627	3.04076	1.41	0.00599742	0.0021211	-0.003	3.3638	1.94046	-5
0.00226906	0.000700421	-0.00152443	3.00837	0.432001	0.00412308	0.000744903	-0.003	3.30811	0.196991	-5
0.00231702	0.000448717	0.000741452	2.82531	0.282835	0.00427623	-0.00025625	-0.003	3.19046	1.29546	-5
0.00274835	-0.00127915	-0.00298777	3.09507	0.0880003	0.00558346	-0.00354164	-0.003	3.56004	2.83661	-5
0.00192705	-0.000241571	-0.00182521	2.97997	1.13501	0.0032535	0.00232696	-0.00282496	3.20548	3.37144	-5
0.00358643	-0.00144217	-0.00310648	3.20185	0.195565	0.00357981	-0.00178464	-0.00285028	3.23127	8.43512	-5
0.00408682	0.00066475	-0.0030446	3.10499	0.512713	0.00415659	0.000628508	-0.003	3.1078	1.01985	-5
0.00275225	0.000185788	-0.00261433	2.99402	0.203	0.00414363	0.000631937	-0.003	3.10622	3.24138	-5
0.00263895	0.000656416	-0.00211297	3.01787	0.292	0.00315159	0.00149033	-0.00246551	3.10172	1.84231	-5
0.00191213	0.000270222	-0.000135537	2.89396	2.24841	0.00337744	0.000857302	-0.00246133	3.06301	13.7981	-5
0.00203479	0.000499829	-0.000881057	2.93687	0.323	0.00399838	-0.000113817	-0.00296329	3.05392	17.9429	-5
0.00198455	6.04906e-05	-0.000687015	2.9076	0.255428	0.00332393	0.000942136	-0.00238717	3.02386	5.24027	-5
-0.00209662	0.00124697	-0.00163179	3.04844	0.271777	-0.00288792	0.00293359	-0.003	3.39559	4.33713	-5
-0.00259419	0.00160242	-0.00243703	3.1034	0.35424	-0.00353778	0.00242582	-0.003	3.22088	4.88775	-5
-0.00167167	0.00128012	-0.000773246	2.99446	2.0356	-0.00372693	0.00145258	-0.00289019	3.25007	15.1446	-5
-0.00154128	0.00185482	-0.00150158	3.04807	0.0880003	-0.0025596	0.00207669	-0.00199023	3.13214	3.92327	-5
0.00182836	0.00186964	0.02	0	0.1	-0.00275895	0.00189636	-0.00211966	3.11262	8.47875	-5
-0.00175801	0.00187314	-0.00118914	3.01954	0.203	-0.00193507	0.00261696	-0.00188681	3.08873	11.9328	-5
-0.00108211	0.00139074	-0.000276662	2.95614	0.237	-0.00210214	0.00227677	-0.00149723	3.08369	9.31284	-5
0.000751021	0.00262718	0.000941985	2.96167	0.0880003	0.000676266	0.0026617	0.00061555	2.97679	14.4922	-5
0.000705056	0.00160625	0.0035012	2.67478	1.246	0.000639966	0.00276554	0.000846494	2.96431	5.81736	-5
-0.00691849	-0.0120472	-0.000473955	3.59633	0.032223	-0.0117348	-0.0235098	-0.1	20.7187	2.16037	-5
-0.00726967	-0.0111621	-0.00201985	3.81593	0.287	0.00543325	-0.0196883	-0.1	20.2716	0.91269	-5
-0.00660625	-0.0121574	-5.27965e-05	3.57638	0.528	0.00186476	-0.0152108	-0.1	19.2882	2.29552	-5
-0.00662217	-0.0120398	0.000701475	3.54429	0.127	-0.00792607	0.00227071	-0.1	18.8235	2.49653	-5
-0.00722635	-0.011365	-0.00157494	3.8068	1.38306	-0.000820253	0.00785481	-0.1	19.7072	2.11451	-5
-0.00696266	-0.0114926	-0.00252533	3.83072	0.127438	-0.0110283	-0.00846649	-0.003	4.83639	2.29901	-5
-0.00705731	-0.012414	-0.000896863	3.62741	0.287	-0.00941283	-0.0153261	-0.003	4.13774	6.49533	-5
-0.00566458	-0.0121546	-0.00244383	3.74511	1.41	-0.00303313	-0.0116106	-0.00254826	4.01321	2.79959	-5
-0.00376173	-0.00523954	0.02	0	0.1	-0.0064067	-0.0128112	-0.00102041	3.65844	9.02146	-7
-0.00257435	-0.000344712	-0.000762388	2.96124	0.0690002	-0.0028655	-0.000425018	-0.000992163	2.97908	8.4712	-5
-0.00147386	0.00200758	0.02	0	0.1	-0.00278161	-0.0004733	-0.000803935	2.96425	5.22317	-5
	-0.00150484	4.29452	0.465919	0.0202733	0.00179669	-0.003	5.68459	0.34008	-5
0.0153093	-0.000196601	-0.000988751	4.24793	0.264176	0.0180382	-0.000555368	-0.003	4.75627	13.3865	-5
0.0173967	-0.0010501	-0.0028578	4.65122	0.415188	0.017823	-0.00117659	-0.00295459	4.67896	7.13943	-5
0.0171317	8.76608e-06	-0.00355535	4.45636	0.438	0.0181952	-0.000863421	-0.003	4.65826	0.317812	-5
0.0161549	0.000723967	-0.00221432	4.19881	1.884	0.0184187	0.00286858	-0.003	4.75586	1.1307	-5
0.0151768	0.00310949	-0.00309796	4.3918	0.297198	0.0143117	0.00578916	-0.00299999	4.75421	3.52271	-5
0.0152717	0.000825326	-0.00295356	4.37762	0.287	0.0192565	-0.000780251	-0.003	4.67464	3.56084	-5
0.0150252	0.00023688	-0.000744094	4.2305	2.29101	0.0190319	-3.62476e-05	-0.003	4.70435	4.08781	-5
0.0162676	0.00147229	-0.00251709	4.2388	0.292	0.0173351	0.0030465	-0.003	4.44832	10.0069	-5
0.016245	0.00322584	-0.00302608	4.50284	0.287	0.0162745	0.00329038	-0.0029662	4.50408	0.925183	-5
0.016142	9.80137e-05	-0.0012418	4.11427	0.103036	0.0163414	0.00324313	-0.00297965	4.5041	7.10696	-5
0.0166301	0.00283943	-0.00317817	4.38387	0.0880003	0.016668	0.00298025	-0.00283249	4.39058	7.61262	-5
0.0167485	0.000257043	-0.00207772	4.40333	0.127	0.0173784	0.000209288	-0.00221209	4.44765	5.2278	-5
0.0154552	7.30186e-05	-5.87777e-05	3.99697	0.127	0.0173744	-9.04041e-05	-0.00218896	4.23888	7.26026	-5
-0.00134083	0.000250832	0.000227422	2.83511	1.34047	0.0010363	-0.0148553	-0.1	19.8924	1.9097	-5
-0.00171981	0.00178227	-0.00161934	2.97326	0.237	-0.00635011	-0.00539503	-0.1	19.9474	1.89247	-5
-0.000509919	0.000466183	-0.00115142	2.87781	0.378086	0.0222038	-0.00213221	-0.1	19.6194	2.13459	-5
-0.000856997	0.0010084	-0.000572339	2.79925	0.82143	0.00241229	0.011658	-0.1	19.8288	1.25626	-5
-0.00102162	0.000395437	-0.000155383	2.85271	0.0936006	-0.0129713	-0.0172119	-0.1	18.7559	1.14517	-5
-0.00182025	0.00229014	-0.0030878	3.12388	0.00300799	0.0012442	-0.0137332	-0.1	18.052	2.92349	-5
0.000794552	0.00176316	-0.00263806	2.8963	0.127	0.00139228	0.0146794	-0.1	19.4589	1.5638	-5
-0.000228518	0.000197442	0.000278948	2.65109	2.82056	-0.000199442	0.0130686	-0.1	20.0807	2.85259	-5
-4.50433e-05	0.00076326	-0.000808643	2.75163	0.260993	0.000324625	0.00188271	-0.00869343	3.60945	7.41865	-7
-5.39158e-05	-0.000759734	-0.0026377	3.05711	0.377	0.00454129	-0.00455967	-0.003	3.98121	1.70992	-5
-0.000873458	0.000288479	0.000572767	2.75435	1.86846	0.00190147	0.00351915	-0.00274468	3.31581	11.3688	-5
-0.00169694	0.00231827	-0.00232006	3.01939	1.01269	-0.00348888	0.00263324	-0.003	3.24131	4.84658	-5
-0.000644306	0.0015758	-0.00246791	3.02404	0.237	-0.00381111	0.0017182	-0.003	3.26803	3.61978	-5
-0.00645984	-0.00398652	0.02	0	0.1	-0.00313617	0.00158768	-0.0025	3.08739	3.61499	-5
-0.00171026	-0.000381294	0.00265103	2.49897	0.148363	-0.000988579	0.00397699	-0.003	3.18541	15.2504	-5
-0.000275938	0.000873185	-0.00162914	2.80619	0.223524	0.00149698	0.00370932	-0.00291572	3.03773	12.7109	-5
-0.000771872	0.00314929	-0.00341259	3.03164	0.438	-0.00145914	0.00386713	-0.003	3.10504	4.96568	-5
-0.00296168	-0.000618856	-0.00207548	2.36454	1.884	-0.0169358	-0.00808913	-0.1	17.6224	1.05093	-5
-0.00238875	-0.000214772	-0.00377117	2.4779	0.203	0.00446202	0.0118945	-0.1	16.899	2.19866	-5
-0.00139653	0.000376902	0.00109731	2.15577	0.127	-0.00403091	0.00130557	-0.003	2.58119	2.31997	-5
-0.00356906	0.00105368	-0.00271963	2.48786	0.127	-0.00383247	0.0011455	-0.00267721	2.49395	1.98267	-5
-0.00275096	-0.000526352	-0.00172586	2.34461	0.897733	-0.00313891	-0.00110803	-0.0020718	2.38439	7.97073	-5
-0.00145732	-0.00344124	0.02	0	0.1	-0.0031911	-0.000175898	-0.00173985	2.36437	10.4052	-5
-0.0026864	-0.000322058	-0.00113409	2.32857	1.05787	-0.00305899	-0.000197476	-0.00141347	2.36683	15.618	-5
-0.00216636	0.0001198	-0.00103055	2.26759	0.446063	-0.00301142	-0.000950026	-0.0016442	2.35468	7.91558	-5
-0.00178448	-0.000749439	-0.0026405	2.90184	0.127	-0.0154058	-0.00769179	-0.1	18.4591	2.78699	-5
-0.00278782	0.00220205	0.02	0	0.1	-0.00450122	0.000694876	-0.003	3.1708	2.82101	-5
-0.00330819	-0.00122254	-0.00331112	3.02958	1.00225	-0.00407963	-0.00139449	-0.003	3.06007	4.33754	-5
0.0004665	0.00125169	-0.00259133	3.61195	0.292	-0.0143634	0.00724804	-0.1	20.0199	2.85167	-5
-0.00230215	0.00132695	0.02	0	0.1	0.00235387	0.00184669	-0.1	19.5859	1.39384	-5
0.000439027	-0.000350276	-0.00169264	3.44188	0.287	-0.0120992	0.00345654	-0.1	19.1977	0.972224	-5
0.000645373	0.00116466	-0.00320291	3.63301	0.127	0.0107965	0.000154498	-0.1	18.5586	0.936014	-5
0.00603302	0.00641813	0.02	0	0.1	0.00681615	0.0096261	-1.25645e-05	3.23158	11.2578	-5
0.00551972	0.010202	0.00272096	3.02897	0.0684306	0.0058138	0.00980778	0.000256685	3.16068	6.71201	-5
-0.000210923	0.00286697	0.02	0	0.1	-0.00350443	0.00323238	-0.003	3.81731	3.86496	-5
-0.000897956	0.000769222	0.000652538	2.69707	0.0690002	0.00495133	0.00113654	-0.1	20.779	1.65727	-5
-0.00134865	0.00160328	-0.00265548	2.81885	0.465	-0.009832	-0.00541016	-0.1	18.978	3.32951	-5
0.00052165	-0.000872883	-0.000888717	2.87489	0.190597	-0.00636155	-0.0206389	-0.1	20.2935	0.571178	-5
-0.000248954	-0.00072309	0.00309729	2.49674	1.0035	0.00405281	0.00470768	-0.1	18.8339	1.97446	-5
-0.000255597	0.00215357	-0.00160018	2.91322	0.458	-0.00284259	0.0151716	-0.1	18.9669	2.32267	-5
-0.000862492	0.00124486	-0.000697299	2.74714	1.22054	0.00985916	0.000180094	-0.1	18.7419	2.46732	-5
-0.00115309	0.00148111	-0.00231879	2.80645	0.396591	0.00266516	0.00930745	-0.1	19.2004	2.31399	-5
-0.00024339	0.00163358	-0.00120624	2.85406	1.28603	-0.00458307	0.00626421	-0.003	4.49243	0.139187	-5
-0.00054402	0.00153789	-0.00148876	2.81151	1.21187	-0.00571388	0.000138499	-0.003	3.86579	0.515768	-5
-0.00506612	0.0012633	0.02	0	0.1	0.00399006	0.000300224	-0.003	3.5268	9.35808	-5
0.00150084	-0.00258473	-0.0027926	3.16644	0.405504	0.00219241	-0.00362997	-0.003	3.42787	4.30278	-5
0.00119031	-0.00190471	-0.00252456	3.11454	0.0243252	0.00250903	-0.00311525	-0.00282526	3.2451	6.4824	-5
-0.00084193	0.00176914	-0.00110829	2.76393	0.203	-0.00297479	0.00414304	-0.003	3.04295	1.51183	-5
0.00136686	-0.0035745	-0.00258817	3.03811	0.454146	0.00133876	-0.00368323	-0.0025	3.04033	5.43741	-5
0.000475043	-0.00112417	-0.00140582	2.88935	0.587561	0.00148882	-0.0037126	-0.00267556	3.04756	15.7884	-5
-0.000912501	-0.00205783	-0.00271291	2.92942	0.79448	-0.00670213	0.00529607	-0.1	19.5981	0.76188	-5
0.000267824	-1.32852e-05	-0.000682849	2.64255	0.225563	0.011129	-0.0129044	-0.1	19.9757	1.54876	-5
-0.000470252	0.000318439	8.75308e-05	2.61323	0.786708	-0.0128749	0.00116224	-0.1	19.6259	1.21647	-5
0.000416853	-0.000957949	-0.00171757	2.75562	0.0880003	0.00380625	-0.0126803	-0.1	18.3023	3.60135	-5
-0.000448485	-0.000862378	-0.00246559	2.79606	0.0682261	0.00100715	-0.013662	-0.1	18.5392	2.07316	-5
0.000658902	-0.000739168	-0.00272077	2.89367	0.54953	0.0019094	-0.00417952	-0.003	3.3795	8.92955	-5
-0.000563152	0.000823989	0.00167905	2.45165	0.287	0.00404215	-0.00526355	-0.003	3.64786	1.09898	-5
-0.0022041	0.00226979	0.02	0	0.1	0.00345161	-0.00196372	-0.00361678	3.21486	8.02248	-7
1.47716e-05	-0.000168269	-0.000774407	3.51234	3.02463	0.00765713	-0.00263254	-0.1	20.7226	2.25751	-5
-0.000351108	0.000580241	-0.000975642	3.55907	1.15054	-0.00474892	-0.00482963	-0.1	18.1498	2.23726	-5
6.88809e-05	8.60952e-05	0.00015441	3.41909	0.213827	0.00285384	0.00767639	-0.1	18.8356	2.71109	-5
-0.000807539	-0.00273943	-0.00248344	3.71008	1.30728	-0.012597	0.00290277	-0.1	19.0359	0.9802	-5
-0.000215866	4.7402e-05	0.000939007	3.26158	0.121584	-0.00424311	-0.00221817	-0.003	4.32031	1.30137	-5
0.000799143	0.00104839	-0.00153332	3.53337	0.438	-0.00554891	0.00261036	-0.003	4.53699	1.58164	-5
0.000839172	-0.000694903	-0.0020774	3.68848	3.03165	0.00161818	-0.00401163	-0.0031962	4.08492	7.79949	-7
0.00349247	-0.00132884	0.02	0	0.1	0.000182693	0.00194018	-0.00402044	3.92021	7.88254	-7
0.000146659	0.000569323	0.0031957	3.12187	0.0880003	-0.00283005	-0.00304827	-0.003	3.96465	9.71107	-5
-0.00219005	-0.00323823	-0.00297645	3.94141	1.6021	-0.00221179	-0.00333286	-0.00297393	3.94291	5.72553	-5
0.000348818	0.000558319	0.00195003	3.29675	0.287	0.000247027	0.000564276	-0.00151294	3.6223	8.00943	-7
