	7		5		0		0		0		2
	18		8		0		3		0		7
	8		4		0		2		0		2
	1		0		0		1		0		0
	1		0		0		1		0		0
	2		0		0		2		0		0
	8		3		0		2		0		3
	1		0		0		1		0		0
	1		0		0		0		1		0
	4		1		0		0		0		3
	14		4		1		0		0		9
	10		1		0		9		0		0
	1		0		0		1		0		0
	9		2		0		5		0		2
	2		0		0		2		0		0
	24		12		0		3		0		9
	9		6		1		1		0		1
	12		8		0		1		0		3
	10		3		0		2		0		5
	1		0		0		1		0		0
	6		0		0		3		0		3
	7		0		0		6		0		1
	18		12		0		0		0		6
	5		0		0		5		0		0
	11		7		0		1		0		3
	1		0		0		1		0		0
	2		1		0		0		0		1
	18		11		0		0		0		7
	1		0		0		1		0		0
	8		1		0		2		0		5
	20		7		0		4		0		9
	3		0		0		3		0		0
	3		1		0		1		0		1
	5		2		0		3		0		0
	1		0		0		1		0		0
	2		0		0		2		0		0
	18		7		0		4		0		7
	6		1		0		2		0		3
	1		0		1		0		0		0
	16		1		0		9		0		6
	2		2		0		0		0		0
	10		2		0		2		0		6
	2		0		0		2		0		0
	8		2		0		3		0		3
	12		6		0		3		0		3
	6		3		1		0		0		2
	18		7		0		2		0		9
	16		5		0		2		0		9
	23		13		0		0		0		10
	16		5		0		8		0		3
	1		0		0		1		0		0
	2		0		0		2		0		0
	12		3		0		1		0		8
	9		0		0		4		0		5
	15		7		0		2		0		6
	4		2		0		0		0		2
	13		1		0		11		0		1
	1		0		0		1		0		0
	5		3		0		2		0		0
	1		0		0		1		0		0
	24		6		0		6		0		12
	7		2		0		3		0		2
	9		3		0		2		0		4
	1		0		0		1		0		0
	2		0		0		1		0		1
	28		13		0		6		0		9
	8		2		0		1		0		5
	1		0		1		0		0		0
	17		8		0		3		0		6
	9		3		0		1		0		5
	3		1		0		1		0		1
	22		13		0		2		0		7
	1		0		0		1		0		0
	1		0		0		1		0		0
	11		6		0		0		0		5
	2		0		0		2		0		0
	31		5		0		15		0		11
	3		1		0		1		0		1
	28		13		0		4		0		11
	1		0		0		1		0		0
	27		6		1		5		0		15
	2		0		0		2		0		0
	22		8		0		5		0		9
	8		3		0		1		0		4
	1		0		0		1		0		0
	1		0		0		1		0		0
	29		7		1		8		0		13
	10		4		0		0		0		6
	2		0		0		2		0		0
	4		3		0		0		0		1
	19		6		0		2		0		11
	4		0		0		4		0		0
	2		1		0		0		0		1
	8		3		0		4		0		1
	2		0		0		2		0		0
	6		1		0		0		0		5
	2		0		0		2		0		0
	8		5		0		0		0		3
	26		11		1		2		0		12
	5		3		0		0		0		2
	22		7		0		3		0		12
	5		4		0		1		0		0
	8		2		0		2		0		4
	3		0		0		2		0		1
	9		4		0		1		0		4
	15		0		0		4		0		11
	5		2		0		0		0		3
	7		1		0		1		0		5
	13		6		0		4		0		3
	12		7		1		2		0		2
	5		0		0		4		0		1
	1		0		0		1		0		0
	15		10		0		0		0		5
	19		6		1		5		0		7
	10		5		0		2		0		3
	4		1		0		1		0		2
	15		10		0		0		0		5
	14		4		0		4		0		6
	9		4		0		0		0		5
	10		4		0		0		0		6
	5		5		0		0		0		0
	12		6		0		0		0		6
	2		2		0		0		0		0
	11		2		0		4		0		5
	13		10		0		1		0		2
	1		0		0		1		0		0
	1		0		0		1		0		0
	3		0		0		0		0		3
	8		3		0		0		0		5
	1		0		0		1		0		0
	7		3		0		1		0		3
	6		6		0		0		0		0
	3		2		0		1		0		0
	8		3		0		2		0		3
	9		4		0		3		0		2
	4		3		0		0		0		1
	2		0		0		0		0		2
	19		10		0		2		0		7
	8		2		0		1		0		5
	9		2		0		2		0		5
	17		10		0		2		0		5
	17		8		0		2		0		7
	12		2		0		5		0		5
	17		11		0		2		0		4
	11		4		0		2		0		5
	13		3		0		2		0		8
	1		0		0		0		0		1
	3		2		0		0		0		1
	44		22		1		7		0		14
	3		0		0		3		0		0
	1		1		0		0		0		0
	1		0		0		1		0		0
	22		11		0		2		0		9
	16		6		0		6		0		4
	8		2		1		0		0		5
	11		5		0		1		0		5
	8		2		1		0		0		5
	7		4		0		1		0		2
	16		7		0		2		0		7
	3		0		0		0		0		3
	6		2		0		1		0		3
	8		5		0		1		0		2
	15		8		1		1		0		5
	1		0		0		1		0		0
	2		2		0		0		0		0
	13		9		0		0		0		4
	1		0		0		1		0		0
	9		3		0		6		0		0
	1		0		0		1		0		0
	1		0		0		1		0		0
	22		8		0		2		0		12
	3		1		0		1		0		1
	15		7		0		0		0		8
	36		12		1		11		0		12
	12		5		0		4		0		3
	1		0		0		1		0		0
	19		9		1		1		0		8
	5		3		0		2		0		0
	2		0		0		2		0		0
	22		10		0		3		0		9
	11		6		0		1		0		4
	1		0		0		1		0		0
	9		5		0		0		0		4
	17		6		1		3		0		7
	5		0		0		1		0		4
	4		3		0		1		0		0
	38		14		0		10		0		14
	17		9		0		0		0		8
	6		2		0		2		0		2
	28		6		0		3		0		19
	2		2		0		0		0		0
	1		0		0		1		0		0
