21.1728
19.0229
20.9316
20.7521
21.5059
18.6363
18.9311
18.8905
18.7763
19.5249
18.1163
19.1616
19.5957
21.4778
20.0574
20.2064
20.3052
18.8188
19.3726
20.7766
18.7861
18.9086
19.9258
22.4374
18.5277
21.1144
20.6721
20.8738
18.9387
20.2856
20.3146
21.1885
20.9811
20.657
19.4942
19.9259
20.1523
22.9505
21.4002
21.1439
19.4913
20.1424
19.2271
19.8645
19.0466
19.1694
19.4193
18.9645
19.0483
20.1175
19.5968
23.0323
21.3485
21.4158
19.0445
19.7199
19.1836
19.378
21.3459
18.9225
18.9267
19.6985
18.4188
20.2602
18.5488
19.7821
20.4709
18.5988
20.019
18.8743
18.8958
19.6029
19.7897
18.6911
20.3249
19.6647
19.6704
19.4686
19.0678
20.2261
20.6776
19.9317
19.3965
18.7839
20.6349
21.3317
20.4874
19.5367
19.079
19.8615
18.4266
20.5141
20.3915
19.9348
20.5158
19.3754
20.3413
18.5481
20.0098
18.7066
17.7793
19.3114
18.5896
20.1629
20.7594
19.2718
17.8919
19.1143
18.7502
17.2319
19.2794
20.4841
20.0467
19.9302
20.2624
21.2446
19.5955
17.199
19.5378
19.9818
19.5726
20.9155
19.1016
19.0425
20.0049
19.6128
20.1137
19.933
18.3447
19.6841
20.4177
17.8795
18.81
19.1636
19.3576
18.4751
19.5866
19.3432
20.0286
20.5798
19.9134
19.14
19.3975
18.7549
18.3508
18.6033
20.0085
18.9876
17.7311
18.8692
17.9149
20.3309
21.1585
20.0779
20.7098
19.8777
20.4809
18.303
18.8806
19.3417
19.6892
18.4445
19.3046
19.3249
19.9546
20.4597
19.1957
18.8047
17.8807
18.1687
19.415
19.8652
18.4553
18.6063
21.3667
20.2114
18.9682
21.3503
19.776
20.5181
20.5369
20.5246
20.2424
19.4206
20.1498
20.0688
19.7462
20.8027
19.3688
19.387
19.3467
19.6564
19.1912
20.2304
17.8702
19.6134
19.384
18.747
18.6076
18.5149
18.6582
20.1098
19.6448
19.948
18.3636
19.5606
20.014
18.8444
20.4545
20.2182
20.0961
20.1722
20.3481
19.3819
20.2156
20.8914
18.7107
21.081
19.2359
21.507
19.5165
18.9422
18.9784
20.432
18.3571
18.5156
17.3878
18.9922
18.9361
20.3075
19.1654
20.1692
18.959
19.6237
19.3344
20.0869
19.5368
19.9799
19.6103
20.2607
18.6682
18.7268
18.8124
20.8729
20.3366
18.3775
20.0874
19.594
18.6592
20.0415
18.4757
20.9852
19.6339
20.6053
19.1503
19.1383
19.0971
20.771
20.2793
21.244
21.5574
20.2277
20.9706
20.8305
20.2856
22.1825
20.7992
20.2911
20.1555
21.7871
19.2312
20.779
20.5061
20.9092
21.4241
19.779
20.0856
19.7964
20.8819
20.4112
18.5845
19.3779
20.9581
19.6632
19.1528
19.2001
20.1774
20.126
19.8704
19.4668
20.1358
20.1449
19.6103
19.2472
19.523
19.7212
20.5463
19.916
19.3891
19.1275
19.5915
19.0232
19.2852
18.9193
17.3921
17.8381
18.4437
17.4959
17.2218
19.9081
19.6994
19.2131
19.9337
19.731
19.6431
18.5205
20.0352
19.5521
20.471
18.6538
18.6193
18.7263
20.3357
20.2296
20.6258
20.0792
21.3352
19.5333
19.8468
19.1097
18.8665
19.4948
18.4063
20.2026
19.9901
19.5858
19.9851
20.4598
20.5912
19.5432
18.3699
19.5529
19.666
19.2191
20.0048
20.2405
19.1145
20.8207
19.2525
19.6015
19.0391
20.2682
18.6631
18.9693
17.7282
19.3014
19.0438
19.1916
18.3401
19.6041
19.0022
19.4233
19.1141
19.1865
19.2877
18.1129
17.5622
17.95
18.7341
19.8124
20.4287
20.1371
19.2817
20.7732
18.2851
19.22
18.3559
19.3462
18.5362
18.2636
18.3493
20.0754
18.9106
19.7736
18.9365
19.1524
19.0469
19.0076
18.3666
18.4744
20.1205
17.9632
18.3191
18.2162
19.2622
18.9987
21.5425
19.9754
20.4577
19.7869
18.6789
19.7933
18.7886
20.3418
17.763
19.3517
19.6791
18.0256
19.4794
18.3776
18.6169
20.3444
19.4045
18.6094
17.6779
19.3985
19.3274
19.4092
17.9803
19.4572
19.434
21.2027
20.6087
20.096
18.6451
19.8101
18.4385
19.1333
20.8674
19.8249
19.0493
19.6488
19.3071
20.4484
19.4084
19.1309
19.4
18.8668
18.1829
20.4681
19.3151
19.6247
20.8801
21.1379
20.807
19.3664
20.4625
18.8737
19.1951
21.1974
20.672
20.7291
18.9872
19.1593
18.6705
19.769
18.5812
19.0468
19.7584
19.7148
19.0343
19.3755
20.7548
18.6567
19.3325
19.6585
19.1918
18.6121
18.9266
18.5457
17.8863
19.6567
19.4937
18.9029
18.4839
20.7842
20.3897
19.4128
18.5449
19.0562
19.2921
19.5948
18.3186
19.6347
20.3072
20.0633
21.3914
19.747
20.6875
19.7529
21.343
18.2315
19.1718
19.0189
20.3982
19.8547
17.1311
19.874
19.3535
20.4262
19.0906
19.5718
19.5111
18.1235
18.8363
18.2238
19.7133
20.8007
18.1183
19.3821
18.5441
19.428
18.6577
17.8453
19.6437
18.2525
18.8206
19.0195
18.7371
17.7255
17.4282
21.6529
20.9675
20.1226
20.2992
20.1444
18.6261
19.9771
19.5178
20.746
20.7668
20.3402
19.2625
19.1425
18.5379
19.9357
20.2683
18.4112
20.0837
19.3704
18.3291
19.4736
19.0849
19.1645
18.3229
19.7351
18.1972
19.774
19.5282
19.7712
19.2113
18.72
18.8735
19.3125
19.6495
19.1587
18.1943
19.6033
17.3578
17.9575
18.0865
20.0131
21.5593
19.6294
21.1135
19.3063
20.1365
19.6671
18.4244
19.3869
19.3047
19.7527
22.1251
18.709
18.8159
19.165
20.0802
19.4272
19.7045
19.509
21.376
19.4248
19.0952
19.2551
18.6501
18.4793
18.3852
18.2807
18.7759
18.1392
18.4845
19.5762
19.0883
19.027
17.8306
19.5325
17.1679
18.1895
18.6254
16.9161
19.2666
17.9552
19.8146
17.6944
20.4605
19.6166
20.5331
19.1598
19.0799
19.5725
17.6237
20.2646
18.7676
17.8419
19.375
19.1852
20.0332
20.3037
19.2468
20.5338
20.3224
20.2454
20.0963
20.6754
19.9537
18.4523
17.5009
19.857
19.6539
20.2172
19.6029
19.4597
18.8666
18.9358
19.7214
20.596
20.4186
19.2576
19.3647
19.029
19.0532
17.7168
18.4048
20.0945
18.9407
19.0351
16.8816
20.193
18.4715
19.7225
20.0835
18.2409
18.405
19.5695
18.5112
19.1594
19.0687
18.5028
19.74
17.6636
17.4747
18.6558
18.8702
18.4842
18.6286
18.7982
20.3771
19.1041
20.1859
20.6374
18.5267
19.0466
18.9027
19.8525
19.0496
17.8876
20.4845
19.3256
19.6854
19.3611
21.4522
18.9523
20.7177
17.9331
19.6448
18.2455
19.2769
18.8258
17.9593
17.0846
21.2312
19.6515
19.1288
19.4891
18.8505
19.8306
19.1192
20.3379
20.3331
18.5148
19.5963
20.017
19.222
18.7597
18.6715
18.5001
20.1014
19.2958
18.8019
17.6334
22.3622
19.5947
20.0569
20.9298
20.0726
19.3244
19.9623
21.0184
20.7658
20.2138
17.8296
20.8601
20.2939
19.7058
18.8123
20.44
18.7144
19.5539
18.9517
18.7918
18.7066
18.5774
19.038
18.1356
19.0803
20.3
19.371
19.0306
19.2527
19.8703
20.5079
20.9065
19.3704
17.9668
19.6118
18.0094
19.598
19.7521
18.9432
19.7052
19.5629
19.1735
19.2067
20.5524
20.0406
20.1896
20.4917
19.4995
18.4748
18.9961
20.3974
19.5656
18.7112
19.1849
20.5217
21.3991
20.386
19.0573
20.5606
20.639
20.3876
18.3783
18.4263
18.7388
20.4658
20.2458
18.1963
19.721
19.0256
20.0299
18.5348
18.1951
19.2087
19.279
20.6577
20.4558
20.707
20.1039
21.803
18.9467
20.5251
19.8557
19.0775
20.3062
18.5502
18.9023
20.5602
17.7015
19.7466
19.9078
18.6908
18.8392
19.7399
21.3935
19.1286
18.4294
20.6023
18.7193
19.7183
19.8134
20.6221
19.9516
20.4579
19.7116
18.717
18.9163
19.9883
19.3627
19.2891
20.2923
18.7787
17.9854
18.72
18.679
19.3662
19.5446
19.9143
19.5206
19.4907
17.8739
20.091
18.8584
18.9423
18.0631
17.8212
18.7084
20.372
23.6149
20.6841
20.2363
20.3435
19.3211
19.1076
19.0206
17.8253
19.1376
19.824
18.9884
20.3554
18.1546
19.3429
19.9503
22.5953
21.2907
20.9244
20.1001
19.6575
19.7757
17.8868
17.7415
18.5718
19.038
18.8052
20.0537
20.5711
19.8688
20.4504
19.1664
19.2676
19.3419
18.9694
19.6715
19.9226
20.3146
18.6973
21.0782
19.2269
19.3485
18.6573
19.1008
18.8906
21.5568
20.2176
21.4396
18.6213
19.6338
17.9534
18.6965
19.2883
20.0423
19.0462
18.4416
19.1309
17.9177
19.851
18.8333
19.578
18.9123
18.0091
20.2537
18.5209
20.1932
19.1816
19.8628
19.3557
19.7803
18.7113
19.9099
20.6209
20.033
20.1454
21.5809
19.9728
19.2329
21.6418
19.111
20.4357
20.1801
19.8393
20.9185
19.7142
19.1756
19.485
20.383
20.206
19.8628
18.912
18.3296
18.7192
20.0769
19.4439
20.4531
19.182
18.5377
19.5865
18.7913
17.6269
19.7222
18.1987
19.1711
18.2613
17.2423
19.1821
17.8367
19.1501
20.5329
18.9376
19.1236
20.6109
20.0888
19.5126
21.346
20.208
19.2363
20.057
20.1826
20.1814
19.0014
20.0768
18.9917
21.0631
20.2422
19.1295
18.1357
18.8515
19.7419
18.4308
19.2323
19.5617
18.8478
19.1564
18.375
18.6231
19.2732
19.2252
19.727
19.5276
18.4206
19.0312
18.392
17.3595
20.1708
18.2801
18.5365
18.9574
20.2675
20.2755
20.2018
19.8326
21.5782
20.607
21.4137
20.384
19.9431
21.0334
18.7738
19.8954
18.3022
19.4074
21.0828
19.9908
21.0546
18.8349
18.8696
20.1935
19.2028
19.9288
18.8912
20.5144
18.7368
21.2083
18.8053
19.4273
18.5696
20.1247
18.0517
20.2353
18.3344
18.743
17.8156
19.7082
18.9282
18.6441
19.2342
18.1878
18.8918
18.9481
19.0813
17.9022
20.9663
21.4873
20.3389
19.3554
19.8725
20.4741
19.4759
19.8211
18.7086
20.5469
18.8992
20.0445
19.652
19.2684
20.311
19.5029
21.3934
19.8905
19.1711
19.7176
19.5605
19.6445
18.5896
19.3332
19.787
20.3908
19.4394
17.6993
20.5509
18.4834
20.1524
19.1649
23.1521
20.9285
19.1444
19.5588
19.0282
20.4825
18.9736
18.2384
19.6546
17.9673
18.3085
20.4382
18.6804
17.7495
19.4304
18.3345
18.7534
20.2076
19.881
20.405
19.6491
19.3327
20.8441
18.752
20.4443
17.8381
18.0635
18.7901
19.8246
20.1781
19.1257
19.8298
18.2748
19.3653
18.9335
18.5952
18.8472
19.3569
20.8112
18.8205
18.6496
20.5719
19.9156
20.3799
20.3423
19.2198
19.9967
18.5348
19.5622
18.4649
19.3366
20.3541
17.8076
18.6421
19.493
18.57
21.4616
19.1269
18.8358
19.1238
17.4063
19.537
18.7696
19.5359
19.2038
18.1532
18.4316
18.0461
20.2516
20.5913
19.9511
20.1396
19.7581
19.0664
20.1683
19.0765
19.539
19.0211
18.2495
18.7959
17.9558
18.9532
18.8775
18.071
19.2463
19.5847
19.8422
21.2827
23.324
20.2728
19.8024
18.4957
20.1028
19.5776
21.0098
19.3807
21.6847
19.5802
19.4996
19.3542
19.8493
18.8758
20.1645
19.3153
19.6169
19.01
19.3131
19.5713
19.6884
20.5222
20.9885
21.3123
19.983
20.3417
20.4308
20.5782
19.6394
18.7339
19.9698
19.724
19.3371
20.1856
20.7479
19.393
18.4196
18.9418
19.852
20.4808
18.9606
19.6966
19.3355
19.6676
18.9435
18.7427
17.49
18.3319
19.1668
18.0662
18.0322
19.5047
19.8314
20.7435
18.6357
20.0472
20.9893
19.4409
19.8937
20.517
18.9637
20.2631
18.9177
18.9001
20.5028
18.6982
20.3643
20.6159
20.3922
21.4738
21.0611
19.168
19.3801
19.5557
20.4728
19.8974
20.5053
20.5177
20.1426
18.3763
21.2439
20.0325
19.9342
19.8064
20.1932
20.0019
21.044
20.0969
20.7004
20.7966
20.0908
20.3323
19.0539
20.501
19.9355
19.9249
19.0869
20.3841
20.2188
20.8154
19.7025
18.8388
21.9136
19.547
20.5448
19.9888
20.5069
19.8743
20.0395
19.8309
19.3438
19.01
18.7977
19.417
19.3882
17.7241
18.418
19.507
19.0831
20.3657
18.6474
19.2399
19.8429
19.8772
19.0409
19.8167
19.526
20.4989
19.3312
19.3292
19.3339
19.1347
18.3771
20.8468
19.0222
19.8484
18.1689
20.9878
21.7839
21.0019
20.2204
20.9774
20.7549
20.2983
19.6307
21.2761
20.929
23.449
21.6913
21.4787
22.2585
21.4136
23.1532
20.8257
20.0701
18.3391
21.2313
19.2542
19.1629
20.1149
18.9391
19.4081
20.5583
19.147
19.1329
19.4313
19.0667
18.853
17.8017
18.6186
21.3584
21.5974
21.1809
21.9132
20.8636
21.9646
22.1006
20.4073
20.0713
20.3823
20.411
19.9206
18.8921
19.8458
20.266
20.9441
19.5483
19.7333
19.9002
19.7464
19.2342
19.8076
19.6661
19.3195
19.2951
19.688
20.6657
19.6021
19.0125
19.4441
19.2493
20.0265
18.7546
21.2182
20.2578
19.1128
19.4316
19.4198
20.1166
18.7467
19.5918
19.7959
20.5564
19.2384
19.6203
20.2112
19.3301
18.9881
19.0376
18.3977
19.1152
18.1913
19.5319
18.3817
18.7081
19.7555
18.7257
19.0969
19.7722
16.9806
17.7504
17.0462
21.5108
19.5751
18.8944
22.2152
21.3422
22.0036
20.3097
19.3286
19.3946
19.8774
20.0016
20.1858
19.2155
20.1551
19.6965
18.5269
21.7565
19.3373
19.3627
20.4445
19.4985
18.9448
21.6357
20.0829
20.9709
19.7927
20.256
18.7591
19.8547
19.0949
19.3337
20.6642
19.5473
19.0641
18.4563
18.8995
18.3436
17.874
19.413
18.3136
19.1154
20.4979
19.7612
17.6749
20.1606
20.9188
19.9569
18.3376
20.4621
18.6625
19.9874
18.77
18.6994
18.9406
18.8316
20.2898
20.3846
18.4944
18.7453
18.327
19.58
20.6035
18.8023
18.9743
18.5337
19.4911
19.2286
19.5661
19.0368
17.8654
19.5437
20.3015
19.0048
18.2922
20.4292
20.3174
18.5131
20.3927
18.4906
18.9937
20.8815
20.0267
19.7273
19.2061
20.0662
19.7471
18.7724
20.4774
19.6153
19.6933
19.0561
19.5297
19.2562
18.4845
19.8187
19.4281
19.7478
19.2013
18.7202
19.2721
20.6376
20.0903
19.0578
18.4776
18.8239
20.0975
19.6647
20.2495
20.4631
21.1871
20.8521
21.1482
20.3796
20.3118
20.7657
21.159
20.0781
19.4975
19.1596
19.5265
19.6568
20.4992
18.9081
18.2219
19.723
19.8362
18.3378
20.3664
19.7331
19.2094
20.1494
18.9862
20.298
19.4657
19.5546
19.5881
18.9587
19.2284
19.401
19.6496
19.0977
18.3263
18.2597
17.1235
17.3815
19.1023
18.0213
20.0733
19.674
19.8042
18.1937
19.5874
19.1333
19.8985
19.4829
19.8579
19.9705
20.0389
18.2111
19.7568
19.6066
19.6822
19.2886
20.1107
19.7717
18.367
19.991
19.2548
19.1109
18.2785
